,0,1,2,3,4,5,6,7,8,9,10,11,12,13,14,15,16,17,18,19,20,21,22,23,24,25,26,27,28,29,30,31,32,33,34,35,36,37,38,39,40,41,42,43,44,45,46,47,48,49,50,51,52,53,54,55,56,57,58,59,60,61,62,63,64,65,66,67,68,69,70,71,72,73,74,75,76,77,78,79,80,81,82,83,84,85,86,87,88,89,90,91,92,93,94,95,96,97,98,99,100,101,102,103,104,105,106,107,108,109,110,111,112,113,114,115,116,117,118,119,120,121,122,123,124,125,126,127,128,129,130,131,132,133,134,135,136,137,138,139,140,141,142,143,144,145,146,147,148,149,150,151,152,153,154,155,156,157,158,159,160,161,162,163,164,165,166,167,168,169,170,171,172,173,174,175,176,177,178,179,180,181,182,183,184,185,186,187,188,189,190,191,192,193,194,195,196,197,198,199,200,201,202,203,204,205,206,207,208,209,210,211,212,213,214,215,216,217,218,219,220,221,222,223,224,225,226,227,228,229,230
0,15.0,27.01,32.14,40.07,17.0,40.76,22.33,48.6,29.99,35.2,40.27,26.12,43.34,37.36,25.28,17.61,42.55,43.46,64.26,43.42,36.4,57.34,64.26,72.58,44.26,15.0,18.17,15.23,20.22,16.95,16.26,20.51,24.3,15.28,16.75,15.07,15.99,17.24,15.83,15.98,16.79,17.27,18.23,19.84,20.48,23.76,24.7,25.15,26.91,29.97,31.97,15.14,16.24,17.63,20.08,20.42,22.58,25.07,28.43,30.5,29.11,34.53,37.72,23.35,36.38,22.12,22.12,22.12,23.94,23.1,25.58,26.78,26.78,32.73,34.85,34.85,34.85,41.99,35.28,32.76,35.28,31.99,40.11,42.17,47.19,21.54,20.18,17.85,17.42,15.02,18.26,18.41,17.36,29.03,30.42,21.1,23.42,25.6,27.3,28.95,31.92,36.53,36.53,26.32,41.75,29.17,31.22,31.94,33.0,35.25,34.12,38.51,41.58,42.08,42.35,150.0,36.96,25.12,24.72,23.42,23.59,38.17,56.71,19.58,18.0,26.65,29.99,29.2,31.5,33.07,51.55,51.55,37.84,37.84,39.42,28.85,31.4,32.86,37.86,38.72,84.78,28.47,31.33,61.65,51.68,113.35,58.83,37.71,50.07,68.58,69.54,69.54,69.54,37.36,17.51,15.69,17.85,15.44,16.3,41.5,42.2,38.36,39.62,22.57,22.57,26.78,26.78,28.7,27.13,27.39,29.12,38.45,34.26,34.97,94.86,150.0,40.45,43.07,43.08,46.53,47.82,54.42,51.97,57.42,60.99,51.6,41.95,55.51,57.65,63.85,68.65,62.68,71.87,69.78,44.83,50.32,48.95,34.03,35.01,23.75,38.66,17.15,20.08,31.02,24.62,24.62,20.38,37.2,38.08,34.85,22.16,19.07,17.54,65.11,45.3,25.75,43.1,26.28,22.29,33.07,37.84,150.0,34.55,62.6,20.34,24.16,52.82,37.84,33.83,23.44,26.78
1,27.01,90.38,51.62,59.54,34.63,41.4,41.4,49.23,49.47,54.67,51.73,43.94,58.78,54.7,44.45,37.17,60.89,60.13,79.54,62.24,55.7,76.63,83.55,91.88,63.55,26.96,24.62,19.01,20.45,16.94,18.46,22.87,42.91,28.8,29.06,27.18,27.78,33.14,33.73,34.19,35.24,35.78,36.77,38.32,39.49,42.56,44.17,44.63,46.38,49.44,51.44,28.28,33.16,34.79,34.94,29.82,29.01,26.65,32.88,29.05,28.23,34.57,38.36,42.25,54.48,39.09,39.09,39.09,40.91,40.07,38.55,41.09,41.09,46.66,46.07,46.07,46.07,51.88,40.87,39.19,40.87,32.63,40.74,42.81,47.83,40.03,39.28,36.8,36.29,32.69,37.3,37.69,36.65,46.71,48.29,40.64,42.84,44.9,46.64,48.38,51.39,50.14,50.14,43.84,59.95,46.59,48.61,49.27,50.34,52.59,51.46,55.85,58.92,59.41,59.61,150.0,54.3,43.7,43.95,42.58,42.81,55.0,70.5,38.89,37.48,45.8,49.2,48.38,49.58,51.47,70.74,70.74,56.18,56.18,57.76,48.18,50.73,52.07,56.81,57.54,96.05,47.76,50.63,76.13,68.54,119.75,75.03,57.13,69.36,87.87,88.83,88.83,88.83,56.65,30.9,32.0,35.69,34.57,35.79,60.95,61.67,57.84,59.05,34.68,34.68,41.09,41.09,44.88,43.7,44.26,45.88,56.47,51.96,52.67,104.03,150.0,59.27,62.54,62.55,66.01,67.29,73.89,71.44,76.89,80.31,71.07,61.42,74.98,77.13,83.32,88.12,82.15,91.34,89.08,63.75,69.14,68.21,53.51,54.48,43.22,58.13,34.66,34.94,41.53,29.21,29.21,35.98,37.84,41.29,46.07,39.13,38.11,36.88,78.04,60.92,44.29,59.31,45.46,41.47,51.47,56.18,150.0,53.86,76.63,35.29,37.13,72.02,56.18,53.29,40.42,41.09
2,32.14,51.62,15.0,15.71,39.46,63.77,33.65,71.6,15.0,15.09,57.22,32.42,51.61,43.98,26.27,20.77,38.96,38.88,55.84,28.36,16.88,37.53,44.42,52.77,24.46,34.27,38.73,39.73,44.28,42.18,40.66,44.28,48.94,30.03,31.28,33.21,36.63,35.45,29.31,27.6,24.76,23.91,22.62,21.52,22.34,17.0,15.0,15.0,15.0,15.0,15.0,34.39,39.34,41.53,39.98,43.43,45.59,48.1,51.44,53.54,52.15,57.48,60.73,32.56,37.42,36.64,36.64,36.64,39.07,39.94,45.15,43.62,43.62,49.7,51.73,51.73,51.73,58.87,58.29,55.77,58.29,55.0,63.11,65.18,70.2,33.44,32.34,31.42,30.23,29.71,26.36,24.0,22.07,31.81,29.13,19.64,16.23,15.82,15.32,15.0,15.0,53.38,53.38,34.07,37.92,36.01,37.82,38.56,39.62,41.87,40.74,45.13,48.2,48.7,48.97,150.0,43.58,31.35,26.97,26.06,23.93,37.32,57.27,19.78,19.81,28.81,30.17,31.36,29.61,27.85,33.52,33.52,34.2,34.2,35.83,23.32,24.05,24.54,27.27,27.7,79.52,16.31,15.0,50.54,36.79,107.36,46.13,15.57,30.26,48.77,49.69,49.69,49.69,18.36,28.83,26.92,27.22,23.61,21.96,17.39,17.56,15.0,15.76,44.58,44.58,43.62,43.62,41.53,41.11,39.86,38.95,37.82,37.75,36.9,92.08,150.0,30.46,18.42,18.02,21.47,22.76,29.36,27.32,32.78,36.42,26.53,16.89,30.44,32.59,38.61,43.24,37.62,46.57,45.13,28.48,33.63,29.14,15.0,15.0,15.04,15.0,35.84,39.98,45.66,47.63,47.63,39.78,60.21,61.09,51.73,38.12,30.54,22.95,61.33,44.49,24.56,42.49,27.31,29.45,27.85,34.2,150.0,18.12,52.61,40.17,45.51,34.79,34.2,15.02,38.34,43.62
3,40.07,59.54,15.71,15.0,47.24,71.7,41.43,79.53,16.52,15.2,64.16,38.35,58.12,49.24,34.04,28.69,41.89,45.48,58.35,31.45,19.68,37.08,40.81,52.32,23.26,42.2,46.73,47.66,52.2,50.1,48.58,52.27,56.86,37.95,39.2,41.21,44.69,43.64,37.43,35.59,32.91,32.07,30.76,29.62,30.31,25.22,20.76,20.34,18.9,16.43,15.95,42.31,47.27,49.46,47.75,51.36,53.51,56.02,59.36,61.47,60.07,65.4,68.66,40.33,42.83,43.22,43.22,43.22,45.58,46.88,52.14,50.56,50.56,56.68,58.67,58.67,58.67,65.81,65.47,63.69,65.47,62.92,70.41,73.1,78.12,41.22,40.11,39.19,38.0,37.64,34.2,31.79,29.86,39.03,36.37,27.59,24.05,23.13,21.82,19.51,15.77,60.32,60.32,40.05,42.68,41.81,42.26,45.06,46.14,48.38,47.26,51.64,54.71,55.21,55.48,150.0,47.78,38.84,34.74,33.64,31.57,44.08,62.82,27.62,27.73,36.3,36.88,34.36,32.56,30.84,36.58,36.58,37.12,37.12,38.75,29.97,30.21,29.18,30.24,30.78,81.38,23.32,18.3,55.48,40.28,108.39,49.09,15.8,29.59,48.32,42.99,42.99,42.99,19.71,36.72,34.83,34.99,31.53,29.89,16.13,15.0,15.0,15.29,52.36,52.36,50.56,50.56,48.04,47.62,46.32,45.33,41.85,41.16,39.83,93.63,150.0,33.55,15.0,15.0,15.02,15.53,20.74,21.68,27.14,29.62,17.97,15.0,21.76,23.87,30.15,34.94,29.0,38.17,36.52,30.8,34.55,28.58,15.0,15.0,22.48,15.0,43.67,47.75,52.61,55.55,55.55,47.55,68.14,68.28,58.67,45.06,38.03,30.73,66.65,50.79,32.01,49.01,35.08,37.22,30.84,37.12,150.0,23.23,57.83,47.95,52.5,37.86,37.12,17.69,44.99,50.56
4,17.0,34.63,39.46,47.24,15.0,37.84,18.0,45.68,37.22,41.71,33.87,18.44,36.16,29.4,21.35,26.28,34.99,46.06,59.39,37.54,36.54,61.29,68.18,76.53,48.35,17.94,23.76,23.64,25.67,26.09,25.57,29.75,32.09,17.98,23.33,20.34,23.73,26.61,25.69,25.59,26.51,26.98,27.98,29.61,29.53,31.07,32.11,32.57,34.25,37.27,39.22,16.85,17.42,17.17,15.0,17.5,19.66,25.07,25.51,31.13,29.83,32.38,34.8,18.69,30.51,16.06,16.06,16.06,17.48,16.75,21.36,20.38,20.38,26.33,28.45,28.45,28.45,35.59,32.36,29.84,32.36,29.07,37.19,39.25,44.27,16.31,18.16,18.66,20.23,18.98,22.69,24.16,23.49,34.84,36.57,28.9,30.25,31.7,33.6,35.84,39.14,30.12,30.12,19.39,36.01,21.41,23.25,23.97,25.04,27.29,26.16,30.55,33.62,34.12,34.39,150.0,28.99,18.12,23.18,25.6,26.52,43.14,61.05,25.87,25.65,22.19,27.08,24.78,23.68,25.57,47.26,47.26,30.28,30.28,31.86,31.41,33.01,32.18,32.51,32.84,81.03,34.32,37.32,64.61,49.96,111.92,54.12,43.04,52.85,72.53,73.45,73.45,73.45,42.96,22.51,22.86,25.21,24.13,24.96,48.19,49.18,44.36,45.27,18.35,18.35,20.38,20.38,22.23,20.66,20.92,22.66,31.4,26.11,26.82,91.08,150.0,34.57,50.05,50.14,53.6,54.88,61.48,58.95,64.4,65.01,58.66,49.01,62.57,64.72,70.96,75.82,69.74,78.5,73.81,39.57,44.44,46.59,41.11,42.07,31.16,45.94,18.5,15.0,31.74,21.72,21.72,15.08,34.28,35.16,28.45,16.09,22.83,23.73,69.67,50.16,31.33,47.5,22.33,19.63,25.57,30.28,150.0,36.42,66.57,15.05,19.94,48.53,30.28,40.95,17.11,20.38
5,40.76,41.4,63.77,71.7,37.84,15.52,40.46,23.43,61.62,65.66,29.97,41.32,37.47,44.79,44.79,50.22,57.72,66.21,78.05,60.89,59.98,84.73,91.62,99.97,71.79,39.55,36.26,35.45,29.79,33.94,35.99,41.56,38.75,41.61,44.84,44.05,45.25,50.3,49.51,49.42,50.33,50.8,51.8,53.43,53.47,55.28,56.33,56.78,58.54,61.59,63.6,37.53,32.3,34.87,30.54,25.35,24.54,21.75,18.0,18.91,20.01,18.92,15.18,39.9,52.41,36.01,36.01,36.01,37.62,36.53,33.78,33.14,33.14,29.73,24.3,24.3,24.3,30.12,18.73,20.8,18.73,15.84,18.21,19.76,23.79,36.95,40.6,41.6,43.66,42.8,45.91,47.29,47.59,56.87,58.92,53.02,54.44,55.74,57.74,60.11,63.55,28.37,28.37,40.86,58.22,43.19,42.01,42.45,43.51,43.18,43.05,40.0,40.57,39.75,38.76,150.0,46.88,41.56,46.38,48.67,49.74,63.61,78.31,50.14,49.73,45.63,50.51,48.22,47.11,49.01,70.69,70.69,53.01,53.01,54.59,54.85,56.45,55.62,55.95,56.28,94.78,58.56,61.44,82.37,70.47,119.73,73.99,66.55,76.26,95.97,96.89,96.89,96.89,67.34,44.51,46.37,48.54,47.97,48.79,72.72,73.82,68.06,68.73,30.24,30.24,33.14,33.14,36.96,37.81,38.71,38.66,52.29,47.98,48.61,102.45,150.0,57.79,74.7,74.7,78.16,79.45,86.05,83.59,89.05,88.45,83.22,73.58,87.13,89.28,95.47,100.28,94.3,102.62,97.24,62.95,67.73,69.99,65.66,66.63,55.38,70.29,40.22,30.54,42.9,21.94,21.94,32.0,16.04,19.08,24.3,35.93,45.44,47.16,85.8,69.69,54.2,67.18,45.77,42.59,49.01,53.01,150.0,59.86,84.1,30.86,32.69,71.96,53.01,65.34,37.16,33.14
6,22.33,41.4,33.65,41.43,18.0,40.46,15.0,48.29,31.23,35.78,31.43,15.0,30.44,22.81,15.0,21.73,29.0,38.59,54.52,31.54,30.46,55.31,62.2,70.55,42.32,24.46,30.02,30.31,32.52,32.76,31.65,36.1,38.82,19.75,23.62,25.02,29.38,31.77,27.12,25.21,24.62,24.82,25.51,26.43,25.09,25.79,26.82,27.28,28.65,31.42,33.28,22.06,22.2,20.59,16.33,20.12,22.27,29.94,28.12,33.74,34.35,35.64,37.42,15.0,26.89,15.0,15.0,15.0,15.0,15.0,19.41,17.82,17.82,23.95,25.94,25.94,25.94,33.08,32.74,32.45,32.74,31.68,37.68,41.86,46.89,15.0,15.0,15.0,15.0,20.8,19.5,18.29,17.82,30.04,31.44,23.78,24.44,25.4,27.19,29.66,33.13,27.59,27.59,15.0,30.2,15.37,16.67,17.39,18.45,20.7,19.57,23.96,27.03,27.54,27.8,150.0,22.41,15.0,15.1,17.43,17.88,36.8,56.79,20.1,20.62,15.03,18.59,16.32,17.66,19.5,41.27,41.27,24.29,24.29,25.87,22.51,25.49,24.67,26.52,26.85,77.44,27.02,30.88,58.08,43.99,109.92,48.98,37.01,46.84,66.54,67.47,67.47,67.47,36.89,22.05,22.7,23.32,21.02,21.38,42.39,43.4,38.42,39.22,20.94,20.94,17.82,17.82,18.86,17.3,16.78,17.75,25.26,20.12,20.83,88.09,150.0,28.58,44.28,44.29,47.74,49.03,55.63,53.17,58.63,59.03,52.8,43.16,56.71,58.86,65.13,70.01,63.89,72.63,67.82,33.58,38.45,40.6,35.24,36.21,25.87,40.17,16.31,16.33,34.19,24.33,24.33,16.13,36.9,35.54,25.94,15.0,16.34,17.22,65.93,45.3,25.23,40.6,15.03,15.0,19.5,24.29,150.0,28.91,60.96,16.53,19.77,42.54,24.29,34.91,15.0,17.82
7,48.6,49.23,71.6,79.53,45.68,23.43,48.29,22.7,69.45,73.49,36.35,49.15,43.84,51.17,52.62,58.05,64.37,73.01,83.77,68.57,67.81,92.56,99.46,107.8,79.63,47.39,44.09,43.28,37.62,41.78,43.83,49.4,46.58,49.44,52.67,51.88,53.08,58.13,57.34,57.25,58.16,58.63,59.63,61.26,61.3,63.11,64.16,64.61,66.37,69.43,71.43,45.36,40.14,42.7,38.37,33.18,32.37,29.58,25.64,26.75,27.64,28.07,23.35,47.73,60.24,43.84,43.84,43.84,45.1,43.6,41.06,39.51,39.51,36.1,30.68,30.68,30.68,36.49,24.28,27.05,24.28,22.6,21.94,18.35,19.63,44.78,48.43,49.43,51.5,50.63,53.74,55.12,55.42,64.05,66.15,60.86,62.27,63.57,65.57,67.95,71.38,34.75,34.75,48.7,65.95,50.34,48.39,48.82,49.89,49.56,49.43,46.38,46.95,46.13,45.13,150.0,53.26,49.4,54.21,56.5,57.57,70.44,83.91,57.97,57.56,53.46,58.34,56.05,54.95,56.84,78.52,78.52,59.67,59.67,61.24,62.68,64.28,63.46,63.78,64.11,98.96,66.39,69.27,88.25,77.33,122.34,80.33,74.38,84.04,103.8,104.72,104.72,104.72,75.17,52.34,54.2,56.23,55.8,56.62,80.55,81.65,75.89,76.56,38.07,38.07,39.51,39.51,43.34,44.25,45.15,45.03,59.07,54.35,54.98,105.78,150.0,65.27,82.53,82.54,85.99,87.28,93.88,91.42,96.88,96.28,91.06,81.41,94.96,97.11,103.31,108.11,102.14,110.45,105.08,70.67,75.32,77.75,73.49,74.46,63.21,78.12,48.05,38.37,50.73,29.77,29.77,39.83,18.96,25.39,30.68,43.55,53.27,54.99,91.02,76.03,61.73,73.75,53.6,50.42,56.84,59.67,150.0,67.69,89.79,38.69,40.52,79.8,59.67,73.17,44.7,39.51
8,29.99,49.47,15.0,16.52,37.22,61.62,31.23,69.45,15.0,15.18,54.8,29.95,49.19,41.56,23.84,18.62,35.88,36.57,53.34,25.28,15.26,35.29,42.14,50.53,22.11,32.12,37.1,37.58,42.13,40.03,38.51,42.65,46.79,27.87,29.13,31.43,35.31,35.35,28.45,25.85,23.74,22.81,21.69,20.67,20.5,16.9,15.0,15.0,15.0,15.0,15.0,32.24,37.19,39.38,37.56,41.28,43.44,45.94,49.29,51.39,50.0,55.33,58.58,30.13,34.78,34.22,34.22,34.22,36.64,37.52,42.73,41.19,41.19,47.28,49.31,49.31,49.31,56.45,56.05,53.62,56.05,52.85,60.96,63.03,68.05,31.02,29.92,28.99,27.81,27.56,24.05,21.62,19.68,29.77,27.03,17.63,15.06,15.02,15.0,15.0,15.0,50.96,50.96,31.62,35.19,33.55,35.31,36.13,37.2,39.45,38.32,42.71,45.78,46.28,46.55,150.0,41.0,28.93,24.55,23.41,21.33,35.25,55.54,17.47,17.65,26.38,27.75,28.23,26.53,24.77,30.44,30.44,31.12,31.12,32.75,20.37,20.9,21.47,24.19,24.62,77.68,15.01,15.0,48.82,34.1,106.33,43.49,15.76,28.0,46.53,47.44,47.44,47.44,15.47,26.61,24.75,25.09,21.45,19.81,17.87,18.4,15.19,16.24,42.16,42.16,41.19,41.19,39.11,38.69,37.44,36.53,35.06,34.85,33.82,90.54,150.0,27.39,19.28,19.26,22.72,24.01,30.6,28.17,33.63,37.27,27.78,18.13,31.69,33.84,40.14,45.06,38.86,48.2,46.36,25.42,30.7,26.9,15.0,15.0,15.13,15.38,33.51,37.56,43.32,45.48,45.48,37.36,58.06,58.85,49.31,35.7,27.79,20.55,60.29,42.58,22.36,40.45,24.89,27.03,24.77,31.12,150.0,15.68,51.83,37.75,43.09,31.71,31.12,15.0,35.92,41.19
9,35.2,54.67,15.09,15.2,41.71,65.66,35.78,73.49,15.18,17.45,57.68,32.0,51.76,43.01,28.96,23.83,35.76,40.63,53.31,25.21,15.47,32.95,39.7,48.19,19.64,37.33,42.25,42.79,47.33,45.24,43.72,47.79,52.0,33.07,34.32,36.61,40.43,40.32,33.5,31.01,28.86,27.94,26.79,25.72,25.67,21.89,17.14,16.83,15.85,15.23,15.09,37.44,42.28,44.29,41.53,45.32,47.48,50.56,53.33,56.6,54.91,59.54,62.62,34.1,36.51,36.81,36.81,36.81,39.21,40.4,45.66,44.08,44.08,50.2,52.19,52.19,52.19,59.33,58.99,57.66,58.99,56.89,63.93,67.07,72.09,36.16,35.0,34.12,32.94,32.77,29.22,26.76,24.83,34.53,31.8,22.82,19.18,18.17,16.92,15.63,15.06,53.84,53.84,33.73,36.44,35.5,36.09,38.7,39.77,42.02,40.89,45.28,48.35,48.85,49.12,150.0,41.62,32.46,29.67,28.35,26.23,39.63,59.24,22.66,22.85,30.21,30.45,28.19,26.42,24.67,30.46,30.46,31.0,31.0,32.63,23.46,23.75,22.85,24.11,24.61,77.67,17.72,15.38,50.76,34.91,106.33,43.73,15.13,25.64,44.18,44.88,44.88,44.88,15.73,31.8,29.95,30.2,26.65,25.02,16.17,15.55,15.03,15.15,46.17,46.17,44.08,44.08,41.67,41.25,39.96,38.99,35.67,35.01,33.7,90.54,150.0,27.35,16.14,16.37,19.77,21.06,27.66,24.94,30.39,34.04,24.84,15.52,28.74,30.89,37.25,42.21,35.92,45.32,43.38,24.91,29.66,24.63,15.0,15.0,18.99,15.09,38.58,41.53,47.49,49.53,49.53,41.46,62.1,61.79,52.19,38.58,32.64,25.69,63.63,46.7,27.12,44.74,29.91,32.06,24.67,31.0,150.0,17.4,53.71,41.76,46.01,31.73,31.0,15.32,38.59,44.08
10,40.27,51.73,57.22,64.16,33.87,29.97,31.43,36.35,54.8,57.68,15.0,32.46,20.96,28.28,36.32,44.97,44.41,59.2,67.81,49.44,51.57,75.68,82.65,90.92,62.7,38.8,42.46,43.5,39.75,43.94,45.87,48.87,49.09,41.74,45.65,43.35,46.66,49.55,49.47,48.41,47.77,48.02,48.75,49.68,48.34,49.02,50.07,50.52,52.06,54.99,56.84,38.35,33.5,34.06,29.73,29.42,27.77,33.28,29.34,30.46,31.34,33.56,29.61,30.84,42.38,25.97,25.97,25.97,25.87,24.04,21.74,19.34,19.34,16.06,15.0,15.0,15.0,15.81,17.55,18.31,17.55,26.22,22.49,28.76,33.78,30.09,33.56,34.78,36.41,43.24,42.28,41.52,41.06,51.35,52.89,47.03,47.68,48.78,50.81,53.25,56.7,15.0,15.0,30.21,47.05,30.77,28.21,28.5,27.44,26.67,26.54,23.49,24.06,23.24,22.24,150.0,31.1,33.03,37.86,41.0,41.64,57.32,73.39,43.34,43.87,37.16,42.05,39.75,38.7,40.54,59.69,59.69,39.71,39.71,41.28,46.38,47.98,47.16,46.69,46.01,87.13,50.87,54.55,76.02,63.04,116.42,63.73,58.22,66.1,86.92,87.99,87.99,87.99,58.96,44.45,45.68,46.11,44.26,44.62,64.55,65.69,59.63,60.26,25.04,25.04,19.34,19.34,23.16,24.16,25.06,24.86,39.25,34.18,34.81,95.8,150.0,46.42,66.56,66.83,70.29,71.58,78.17,75.46,80.91,79.84,75.35,65.7,79.26,81.41,87.77,92.74,86.43,94.61,88.31,51.9,56.11,58.68,57.81,58.76,49.12,63.08,36.77,29.73,45.03,31.17,31.17,29.5,23.79,20.39,15.0,24.43,38.58,40.46,81.42,64.11,47.58,60.51,37.3,34.22,40.54,39.71,150.0,51.39,78.2,30.03,22.1,60.96,39.71,58.48,25.63,19.34
11,26.12,43.94,32.42,38.35,18.44,41.32,15.0,49.15,29.95,32.0,32.46,15.0,27.16,19.54,15.0,23.73,24.25,38.46,50.66,26.8,25.8,50.56,57.46,65.81,37.59,25.36,32.37,33.14,34.3,35.58,35.06,39.25,41.33,24.3,27.76,29.1,33.22,35.97,31.03,28.13,27.52,27.44,27.5,28.39,27.03,27.65,27.71,28.16,27.79,30.2,32.05,24.33,23.25,20.86,17.17,20.98,23.14,31.13,28.98,34.61,35.35,36.6,38.29,15.0,25.31,15.0,15.0,15.0,15.12,15.73,20.44,18.84,18.84,24.98,26.96,26.96,26.96,34.11,33.77,33.32,33.77,32.55,38.71,42.73,47.75,15.86,15.98,16.61,17.01,25.4,21.74,20.5,20.37,32.5,32.6,25.56,24.54,24.84,25.99,28.41,31.81,28.62,28.62,15.0,28.05,15.0,15.0,15.0,15.44,17.42,16.3,20.68,23.75,24.26,24.52,150.0,19.14,15.0,15.0,18.56,17.9,36.43,57.59,21.48,22.55,15.0,15.95,15.02,15.19,15.38,36.52,36.52,19.54,19.54,21.12,20.52,22.25,21.43,21.78,22.11,74.59,25.55,29.43,56.75,40.56,108.34,44.92,32.52,42.11,61.8,62.72,62.72,62.72,33.17,26.02,25.59,26.14,23.88,23.95,38.8,39.94,33.88,34.51,21.82,21.82,18.84,18.84,16.92,16.4,15.5,15.06,22.14,16.11,16.23,85.71,150.0,23.84,40.81,41.06,44.52,45.81,52.4,49.71,55.16,54.28,49.59,39.94,53.49,55.64,61.98,66.93,60.66,69.0,63.08,28.84,33.71,35.86,32.06,32.99,26.76,37.23,20.19,17.17,34.11,25.2,25.2,17.2,37.76,36.57,26.96,15.0,19.64,19.72,66.47,45.13,25.24,39.84,15.0,15.0,15.38,19.54,150.0,25.67,59.64,17.41,20.8,37.8,19.54,33.56,15.13,18.84
12,43.34,58.78,51.61,58.12,36.16,37.47,30.44,43.84,49.19,51.76,20.96,27.16,15.0,17.84,30.36,43.17,37.61,55.29,62.28,42.61,45.5,68.85,75.82,84.1,56.42,42.09,48.04,49.4,47.02,50.85,51.29,54.88,56.13,43.28,46.62,46.36,49.95,52.8,50.02,47.12,46.56,46.63,46.94,47.84,46.47,47.09,46.9,47.35,46.98,49.38,51.24,41.39,38.21,37.47,33.18,34.72,35.27,40.78,36.84,37.95,38.84,41.05,37.11,28.93,39.17,28.72,28.72,28.72,27.39,27.18,27.09,24.12,24.12,21.41,19.58,19.58,19.58,23.32,25.04,25.8,25.04,33.72,29.98,36.25,41.28,32.75,33.27,34.96,35.5,44.6,40.81,39.66,39.58,50.08,50.41,44.96,43.72,44.06,45.23,47.62,51.09,17.2,17.2,25.25,40.38,23.78,21.31,18.06,17.0,16.23,16.1,15.0,15.54,15.06,15.0,150.0,20.66,27.15,32.58,37.42,37.09,53.17,71.35,40.79,41.98,31.19,36.08,33.78,32.65,34.57,52.83,52.83,32.91,32.91,34.48,40.41,42.01,41.19,40.27,39.15,83.05,44.98,48.84,71.55,57.54,114.13,57.9,52.23,59.41,80.1,81.16,81.16,81.16,52.86,45.07,44.59,44.79,42.89,43.2,58.58,59.72,53.66,54.29,30.34,30.34,24.12,24.12,24.52,25.02,24.32,21.98,32.14,27.36,28.0,92.4,150.0,39.59,60.59,60.8,64.26,65.54,72.14,69.49,74.72,73.02,69.32,59.67,73.23,75.38,81.74,86.7,80.4,88.32,81.49,45.07,49.29,51.85,51.83,52.72,45.95,57.05,38.43,33.18,48.87,38.67,38.67,32.88,31.29,27.88,19.58,27.61,38.72,38.88,79.26,60.67,43.68,55.99,31.33,29.69,34.57,32.91,150.0,45.42,73.86,33.42,27.44,54.1,32.91,52.87,27.49,24.12
13,37.36,54.7,43.98,49.24,29.4,44.79,22.81,51.17,41.56,43.01,28.28,19.54,17.84,15.0,22.73,35.54,25.88,48.66,52.75,30.9,36.63,57.15,64.11,72.39,44.95,36.34,43.11,44.12,44.45,46.57,46.04,50.23,52.1,35.86,39.27,40.32,44.2,47.02,42.52,39.5,38.93,39.01,39.31,40.21,38.84,39.46,39.27,39.72,39.35,41.75,43.61,35.44,33.88,31.83,27.58,30.98,33.13,41.12,38.98,44.6,45.35,46.38,44.43,21.3,30.2,22.53,22.53,22.53,19.95,21.37,23.89,19.97,19.97,26.96,26.77,26.77,26.77,30.64,32.37,33.13,32.37,41.04,37.31,43.58,48.6,26.39,25.64,27.33,27.87,36.97,33.18,32.03,31.95,43.09,43.37,37.33,36.1,36.44,37.6,39.99,43.46,22.01,22.01,17.62,30.91,16.15,15.0,15.0,15.0,15.0,15.0,15.0,16.09,15.28,15.2,150.0,15.0,19.52,24.95,29.8,29.46,46.52,65.9,33.17,34.36,23.56,28.45,26.15,24.79,26.48,41.16,41.16,21.18,21.18,22.75,32.31,33.7,32.88,29.02,27.48,76.02,37.33,41.2,65.74,48.48,110.24,47.85,43.44,47.76,68.39,69.45,69.45,69.45,41.93,37.5,36.96,37.3,35.26,35.57,49.46,50.85,44.79,44.83,26.6,26.6,19.97,19.97,16.93,17.4,17.08,15.0,23.34,16.79,16.27,86.53,150.0,27.9,51.72,51.92,55.38,56.67,63.26,60.62,63.71,61.31,60.44,50.79,64.35,66.5,72.86,77.83,69.55,77.84,69.78,33.36,37.58,40.14,42.97,43.85,38.32,48.17,31.3,27.58,43.31,35.19,35.19,27.21,38.61,35.21,26.77,21.84,31.1,31.25,74.18,54.5,36.35,49.59,23.7,22.06,26.48,21.18,150.0,37.12,68.2,27.77,24.25,42.43,21.18,45.24,20.55,19.97
14,25.28,44.45,26.27,34.04,21.35,44.79,15.0,52.62,23.84,28.96,36.32,15.0,30.36,22.73,15.0,17.87,24.73,35.61,51.03,27.24,24.82,49.49,56.41,64.74,36.41,27.39,32.31,33.24,35.65,35.69,34.52,38.77,41.78,22.48,24.65,27.67,31.9,32.9,26.38,23.12,22.33,22.03,21.65,22.51,21.13,21.75,21.55,22.0,21.63,24.04,25.89,25.22,25.99,24.12,20.63,24.45,26.6,33.83,32.45,38.07,38.46,39.85,41.75,15.0,25.45,15.38,15.38,15.38,17.81,19.04,24.3,22.72,22.72,28.85,30.83,30.83,30.83,37.97,37.63,36.78,37.63,36.01,42.57,46.19,51.22,15.0,15.63,15.69,15.84,22.98,17.84,15.9,15.26,27.56,27.02,19.62,18.38,18.72,19.89,22.27,25.74,32.48,32.48,15.0,28.31,15.14,16.57,17.3,18.36,20.61,19.48,23.87,26.94,27.44,27.72,150.0,22.33,15.0,15.0,16.93,17.02,32.94,53.58,15.49,16.65,15.0,15.0,15.0,15.14,15.2,36.97,36.97,20.01,20.01,21.61,15.74,18.22,18.83,22.22,22.55,74.86,19.64,23.49,52.54,39.45,108.49,45.3,30.92,41.58,60.73,61.7,61.7,61.7,29.5,21.9,20.63,21.23,18.74,18.5,35.15,36.02,32.01,33.03,25.29,25.29,22.72,22.72,20.28,19.86,18.61,17.69,23.74,19.43,20.13,85.94,150.0,24.28,36.89,36.9,40.36,41.64,48.24,45.79,51.24,53.25,45.41,35.77,49.33,51.47,57.74,62.62,56.5,65.75,61.94,29.28,34.15,36.3,27.85,28.83,20.6,32.78,19.99,20.63,36.6,28.66,28.66,20.65,41.23,40.43,30.83,17.22,17.86,15.16,62.37,40.93,20.85,36.82,15.0,15.0,15.2,20.01,150.0,22.14,55.59,20.88,24.66,38.24,20.01,27.52,17.2,22.72
15,17.61,37.17,20.77,28.69,26.28,50.22,21.73,58.05,18.62,23.83,44.97,23.73,43.17,35.54,17.87,15.4,37.58,37.89,57.62,34.92,26.75,47.68,54.55,62.92,34.52,19.76,25.81,25.21,30.19,27.17,25.58,30.14,34.49,15.9,17.06,18.54,22.55,23.02,16.69,15.14,15.25,15.09,15.21,15.09,15.0,15.0,15.0,15.03,15.76,18.59,20.6,20.47,25.73,27.84,27.72,29.88,32.04,34.54,37.89,39.99,38.6,43.93,47.18,21.21,33.07,25.4,25.4,25.4,27.65,27.69,32.89,31.37,31.37,37.44,39.48,39.48,39.48,46.62,44.74,42.22,44.74,41.45,49.56,51.63,56.65,21.18,20.34,19.22,17.97,16.39,15.18,15.0,15.0,26.25,25.38,15.0,15.0,16.1,17.01,17.79,20.55,41.13,41.13,25.29,36.82,27.55,29.38,30.11,31.18,33.43,32.3,36.69,39.76,40.26,40.53,150.0,35.13,22.06,17.6,18.24,17.66,32.92,53.57,15.0,15.0,20.4,21.78,23.85,27.2,26.51,41.89,41.89,32.86,32.86,34.46,20.63,23.18,24.63,29.19,30.53,79.9,18.81,20.43,54.77,43.44,110.14,51.47,26.46,40.39,58.92,59.86,59.86,59.86,27.7,16.21,15.19,17.46,15.0,15.0,30.28,30.82,26.99,28.65,32.18,32.18,31.37,31.37,32.41,30.84,29.92,30.48,34.4,32.25,32.95,92.37,150.0,32.26,31.7,31.7,35.16,36.45,43.04,40.59,46.05,49.69,40.22,30.57,44.13,46.28,52.47,57.28,51.3,60.5,58.82,35.95,41.87,39.29,22.66,23.63,15.0,27.28,22.91,27.72,36.49,34.08,34.08,27.52,46.66,47.54,39.48,25.87,19.9,15.0,60.0,40.72,20.6,37.11,18.91,19.55,26.51,32.86,150.0,25.56,55.57,27.91,33.22,43.16,32.86,22.59,27.01,31.37
16,42.55,60.89,38.96,41.89,34.99,57.72,29.0,64.37,35.88,35.76,44.41,24.25,37.61,25.88,24.73,37.58,15.0,46.9,42.58,20.44,29.26,46.89,53.86,62.13,36.93,42.26,49.17,50.04,51.38,52.49,51.96,56.05,58.28,40.25,43.35,45.51,49.93,52.14,46.09,42.84,42.04,41.74,41.36,42.22,40.85,41.38,39.19,38.76,37.17,37.38,38.08,41.07,40.27,37.75,34.26,38.08,40.24,48.24,46.09,51.71,52.45,53.7,55.39,26.9,32.17,29.11,29.11,29.11,29.79,31.62,34.23,30.3,30.3,37.3,38.92,38.92,38.92,46.06,45.79,46.5,45.79,49.65,50.73,57.0,62.02,32.58,30.79,32.43,31.95,41.39,36.35,34.77,34.67,45.63,45.22,39.31,37.56,35.61,34.35,36.53,37.0,40.57,40.57,24.44,32.73,25.1,21.61,24.55,25.62,27.17,26.73,31.13,34.2,34.7,34.97,150.0,24.42,25.06,26.58,32.1,31.31,47.82,67.33,35.18,36.37,23.17,22.83,20.24,19.6,19.12,33.72,33.72,15.0,15.0,15.0,25.26,26.34,25.52,21.62,19.13,69.0,33.16,34.14,60.22,41.99,107.76,38.78,36.12,37.65,58.13,59.2,59.2,59.2,34.53,41.24,40.34,40.58,38.45,38.21,42.09,43.48,37.42,37.45,36.93,36.93,30.3,30.3,27.27,27.74,27.08,24.67,25.06,17.96,16.44,82.5,150.0,17.6,44.36,44.56,48.02,49.3,55.9,53.25,53.45,51.06,53.07,43.43,56.99,59.13,65.49,70.46,59.29,68.54,59.53,22.88,25.53,30.21,35.6,36.49,40.03,40.81,36.65,34.26,47.18,42.3,42.3,34.29,52.03,48.61,38.92,29.8,35.52,34.08,75.43,56.12,37.97,50.86,24.38,25.85,19.12,15.0,150.0,29.75,64.23,34.52,34.58,34.99,15.0,38.59,29.29,30.3
17,43.46,60.13,38.88,45.48,46.06,66.21,38.59,73.01,36.57,40.63,59.2,38.46,55.29,48.66,35.61,37.89,46.9,49.81,62.09,43.1,37.31,57.62,63.6,70.85,46.31,45.32,49.97,50.13,52.94,52.26,51.04,54.91,57.79,41.34,42.88,45.08,48.77,49.92,44.68,42.29,41.5,41.34,40.99,41.12,40.28,39.22,37.24,37.03,35.97,37.09,38.44,44.57,47.82,48.44,45.25,48.56,50.43,54.19,55.51,59.7,58.2,61.23,63.57,38.01,45.76,41.32,41.32,41.32,43.38,44.2,48.75,47.4,47.4,52.7,54.44,54.44,54.44,60.63,60.32,59.26,60.32,58.6,64.61,67.43,71.79,40.18,38.65,39.0,38.18,41.06,38.01,36.24,35.73,46.15,44.2,38.44,36.31,35.56,35.15,35.57,38.1,55.87,55.87,39.86,47.78,41.69,43.23,43.95,44.88,46.83,45.85,49.66,52.32,52.76,53.0,150.0,48.3,37.67,36.4,37.98,37.45,48.29,63.45,36.29,36.94,36.42,37.81,38.34,38.53,37.49,49.46,49.46,42.78,42.78,44.19,35.98,36.22,36.42,39.63,40.44,79.2,34.84,35.69,59.33,49.6,101.48,56.23,41.75,51.19,67.38,68.19,68.19,68.19,40.55,40.73,40.14,40.66,38.54,38.37,46.28,47.15,42.97,43.69,49.28,49.28,47.4,47.4,46.0,45.4,44.58,44.29,46.15,44.38,44.29,88.95,133.81,42.15,47.91,47.92,50.92,52.04,57.77,55.63,60.36,60.87,55.32,46.94,58.71,60.57,66.04,70.29,64.94,72.59,68.45,44.16,48.88,48.99,40.07,40.92,37.74,44.43,43.39,45.25,55.07,52.22,52.22,45.22,63.12,62.75,54.44,42.63,39.12,35.5,71.73,55.62,39.74,51.29,35.94,36.02,37.49,42.78,132.76,35.94,61.82,45.46,49.06,50.56,42.78,39.49,42.88,47.4
18,64.26,79.54,55.84,58.35,59.39,78.05,54.52,83.77,53.34,53.31,67.81,50.66,62.28,52.75,51.03,57.62,42.58,62.09,56.3,40.37,48.1,59.33,65.0,71.72,52.39,65.06,69.66,70.47,72.41,72.46,71.24,74.88,77.42,62.34,63.16,65.6,69.03,69.84,64.55,61.88,61.2,60.98,60.6,61.14,60.16,59.88,57.96,57.62,56.18,54.57,55.13,64.27,63.68,61.64,58.8,61.9,63.66,70.15,68.41,72.98,73.58,74.6,75.96,52.81,54.73,54.6,54.6,54.6,55.93,57.41,59.53,56.34,56.34,62.03,63.34,63.34,63.34,69.15,68.93,69.51,68.93,71.3,72.94,78.03,82.11,57.43,55.95,57.28,56.9,61.79,57.85,55.56,55.26,64.26,62.32,58.8,56.86,54.96,53.76,54.15,54.27,64.68,64.68,51.54,54.47,52.11,49.28,51.67,52.53,53.79,53.44,57.01,59.51,59.91,60.13,150.0,51.56,51.32,52.47,55.72,53.25,63.5,76.09,55.66,56.63,49.76,49.45,47.4,45.97,44.65,50.67,50.67,41.23,41.23,42.91,47.95,47.95,47.19,42.76,41.29,74.76,51.8,51.93,67.22,54.92,97.47,52.57,53.54,52.11,68.46,69.34,69.34,69.34,51.01,60.93,59.88,60.09,58.33,58.13,58.35,59.61,54.6,54.0,61.73,61.73,56.34,56.34,53.88,54.26,53.73,51.77,49.78,46.31,45.08,83.89,126.89,40.8,60.32,60.53,63.34,64.38,69.74,64.87,64.67,62.72,67.45,59.61,70.63,72.37,76.65,80.13,69.41,77.96,69.6,41.81,43.51,45.79,53.2,53.97,58.66,57.48,60.71,58.8,67.76,65.33,65.33,58.82,74.0,71.22,63.34,55.93,59.79,54.79,84.88,70.72,57.66,64.98,50.74,51.94,44.65,41.23,125.4,48.37,71.05,59.0,59.82,51.7,41.23,55.56,55.52,56.34
19,43.42,62.24,28.36,31.45,37.54,60.89,31.54,68.57,25.28,25.21,49.44,26.8,42.61,30.9,27.24,34.92,20.44,43.1,40.37,15.0,18.83,33.62,40.6,48.87,24.27,44.5,50.08,51.05,53.53,53.5,52.0,56.47,59.63,41.06,42.05,45.05,49.27,50.27,43.61,40.35,39.34,39.09,38.29,37.47,36.95,33.85,31.26,30.84,29.02,26.79,27.48,43.53,42.82,40.31,36.82,40.64,42.8,50.79,48.64,54.26,55.01,56.26,57.94,29.44,30.25,31.65,31.65,31.65,33.95,35.3,39.25,35.33,35.33,42.32,43.94,43.94,43.94,51.08,50.82,51.53,50.82,52.2,55.76,62.02,67.04,35.12,33.31,34.94,34.47,40.36,35.54,32.7,32.33,43.49,42.05,33.97,30.34,27.63,26.07,26.28,26.43,45.59,45.59,28.42,29.7,29.54,26.6,29.56,30.62,32.18,31.74,36.13,39.2,39.7,39.97,150.0,29.44,27.61,29.02,32.57,28.86,44.64,65.66,32.79,33.78,25.68,25.3,22.78,20.97,19.27,21.99,21.99,16.5,16.5,20.11,22.11,21.1,20.07,15.18,15.0,69.0,23.17,23.54,50.73,32.52,105.0,34.29,25.45,24.54,44.86,45.94,45.94,45.94,22.16,39.3,38.01,38.29,36.11,35.81,31.42,33.0,26.75,25.87,41.48,41.48,35.33,35.33,32.29,32.76,32.08,29.67,25.5,22.98,21.46,82.57,150.0,15.0,33.87,34.12,37.58,38.87,45.46,40.44,40.19,37.8,42.64,33.0,46.55,48.7,54.57,58.74,46.03,56.23,46.26,15.13,15.26,17.21,25.11,26.05,32.16,30.38,39.17,36.82,46.88,44.86,44.86,36.84,57.06,53.64,43.94,33.48,38.03,31.75,71.1,53.07,33.94,48.53,26.89,28.36,19.27,16.5,150.0,18.86,56.44,37.07,39.61,23.26,16.5,28.01,33.38,35.33
20,36.4,55.7,16.88,19.68,36.54,59.98,30.46,67.81,15.26,15.47,51.57,25.8,45.5,36.63,24.82,26.75,29.26,37.31,48.1,18.83,15.0,31.82,38.71,47.06,18.87,38.61,43.51,44.07,47.8,46.52,45.05,49.49,53.02,33.93,35.3,38.11,42.32,43.28,36.29,32.98,31.4,30.94,29.99,29.01,28.69,25.36,20.37,19.94,18.22,16.13,16.1,37.85,40.0,39.31,35.82,39.64,41.8,47.79,47.65,53.27,52.47,54.69,56.94,28.43,30.23,30.64,30.64,30.64,32.95,34.29,39.56,37.97,37.97,44.1,46.08,46.08,46.08,53.22,52.89,51.98,52.89,51.21,57.83,61.39,66.41,33.71,31.58,32.48,31.57,32.91,29.11,26.52,24.64,36.34,34.51,25.78,22.09,18.92,16.85,15.86,15.52,47.73,47.73,27.43,30.05,29.18,29.65,32.44,33.51,35.76,34.63,39.02,42.09,42.59,42.86,150.0,35.16,26.6,25.9,25.77,22.58,39.13,60.09,24.93,25.75,24.42,24.3,21.78,19.96,18.26,23.96,23.96,24.5,24.5,26.13,17.62,17.34,16.69,17.62,18.16,73.8,15.49,15.0,48.75,31.88,105.0,38.2,16.4,24.53,43.05,43.98,43.98,43.98,15.23,32.47,31.07,31.23,28.38,27.73,20.23,21.38,15.96,16.24,40.48,40.48,37.97,37.97,35.41,35.0,33.69,32.71,29.22,28.53,27.2,87.32,150.0,20.93,22.26,22.35,25.81,27.1,33.69,31.15,36.61,35.54,30.87,21.22,34.78,36.93,43.29,48.26,41.95,50.3,44.33,19.25,24.1,22.77,15.0,15.19,22.38,18.6,36.7,35.82,45.29,43.86,43.86,35.85,56.42,55.69,46.08,32.47,31.85,25.4,65.64,46.63,26.79,43.56,24.93,26.93,18.26,24.5,150.0,15.0,52.05,36.07,39.91,25.23,24.5,16.87,32.38,37.97
21,57.34,76.63,37.53,37.08,61.29,84.73,55.31,92.56,35.29,32.95,75.68,50.56,68.85,57.15,49.49,47.68,46.89,57.62,59.33,33.62,31.82,15.0,22.69,20.73,27.22,59.55,64.44,65.01,68.74,67.46,65.99,70.42,73.96,54.86,56.24,59.04,63.25,64.22,57.22,53.92,52.34,51.87,50.93,49.94,49.63,46.29,41.3,40.87,39.15,36.81,36.58,58.8,62.83,64.06,60.57,64.39,66.55,70.63,72.4,77.67,75.41,78.89,81.69,53.21,53.91,55.41,55.41,55.41,57.7,59.07,64.33,61.57,61.57,68.57,70.19,70.19,70.19,77.33,77.06,76.73,77.06,75.96,82.0,86.14,91.16,56.79,55.34,54.67,53.57,53.84,50.04,47.46,45.58,55.53,53.84,46.71,43.02,39.86,37.97,36.33,35.51,71.84,71.84,52.17,53.31,53.93,52.85,55.8,56.86,58.43,57.98,62.37,65.44,65.95,66.22,150.0,55.68,51.37,50.16,48.56,46.31,57.55,75.04,45.87,46.68,49.44,49.07,46.55,44.72,43.03,45.44,45.44,42.95,42.95,46.61,42.17,42.38,41.36,39.9,37.46,83.33,36.98,33.45,64.87,50.43,112.29,51.1,31.74,20.76,16.74,36.6,36.6,36.6,25.31,53.41,52.01,51.79,49.32,48.67,36.05,37.73,31.72,29.63,65.23,65.23,61.57,61.57,58.53,58.93,57.66,55.91,50.98,49.23,47.71,95.54,150.0,37.15,38.6,39.75,43.2,44.49,41.42,31.1,30.85,28.46,44.73,38.62,43.62,44.36,47.16,52.82,36.69,49.17,36.93,31.28,29.5,25.17,33.27,33.59,43.3,36.01,59.0,60.57,67.34,68.61,68.61,60.59,81.17,79.88,70.19,57.25,52.88,46.33,79.59,63.58,46.93,61.93,50.11,52.13,43.03,42.95,150.0,35.38,67.65,60.82,64.69,46.71,42.95,37.26,57.14,61.57
22,64.26,83.55,44.42,40.81,68.18,91.62,62.2,99.46,42.14,39.7,82.65,57.46,75.82,64.11,56.41,54.55,53.86,63.6,65.0,40.6,38.71,22.69,26.62,25.03,31.51,66.46,71.34,71.92,75.65,74.37,72.9,77.34,80.87,61.78,63.15,65.96,70.17,71.13,64.11,60.82,59.24,58.75,57.79,56.8,56.49,53.14,48.14,47.72,46.0,43.65,43.47,65.71,69.74,70.96,67.46,71.28,73.44,77.54,79.29,84.58,82.31,85.79,88.59,60.1,60.82,62.3,62.3,62.3,64.6,65.96,71.22,68.54,68.54,75.54,77.16,77.16,77.16,84.3,84.02,83.62,84.02,82.85,88.96,93.03,98.05,63.7,62.25,61.59,60.49,60.76,56.96,54.38,52.49,61.87,60.17,53.58,49.89,46.75,44.86,43.19,42.39,78.81,78.81,59.07,60.24,60.83,59.82,62.76,63.83,65.4,64.96,69.34,72.41,72.92,73.18,150.0,62.66,58.26,57.07,55.46,53.2,63.58,79.98,52.77,53.56,56.34,55.96,53.44,51.61,49.92,52.42,52.42,49.92,49.92,53.58,49.06,49.28,48.26,46.88,44.42,87.52,43.9,40.3,70.05,56.48,114.6,57.08,38.46,26.41,27.02,25.52,25.52,25.52,32.24,60.32,58.92,58.58,56.22,55.55,39.05,41.19,38.08,36.15,72.12,72.12,68.54,68.54,65.5,65.86,64.6,62.88,57.94,56.2,54.68,99.02,150.0,44.12,39.22,40.24,40.32,40.53,37.25,30.53,30.3,27.88,39.04,40.24,37.65,37.48,39.58,43.07,29.99,40.34,30.11,38.25,36.48,32.14,40.17,40.11,50.15,40.79,65.91,67.46,74.27,75.5,75.5,67.49,88.06,86.86,77.16,64.15,59.76,53.25,84.17,69.18,53.57,67.73,57.02,59.02,49.92,49.92,150.0,42.27,72.68,67.72,71.59,53.68,49.92,44.16,64.04,68.54
23,72.58,91.88,52.77,52.32,76.53,99.97,70.55,107.8,50.53,48.19,90.92,65.81,84.1,72.39,64.74,62.92,62.13,70.85,71.72,48.87,47.06,20.73,25.03,15.0,42.47,74.79,79.68,80.25,83.98,82.69,81.23,85.66,89.2,70.1,71.48,74.29,78.5,79.46,72.46,69.16,67.58,67.12,66.17,65.18,64.87,61.53,56.54,56.11,54.4,52.05,51.82,74.04,78.07,79.3,75.81,79.63,81.79,85.87,87.64,92.91,90.65,94.13,96.93,68.44,69.14,70.65,70.65,70.65,72.94,74.31,79.57,76.82,76.82,83.81,85.43,85.43,85.43,92.57,92.3,91.97,92.3,91.2,97.24,101.38,106.4,72.03,70.59,69.91,68.81,69.08,65.29,62.7,60.82,69.5,67.91,61.96,58.26,55.1,53.21,51.57,50.75,87.08,87.08,67.42,68.55,69.17,68.09,71.04,72.11,73.67,73.23,77.62,80.68,81.19,81.46,150.0,70.93,66.61,65.4,63.81,61.55,70.84,85.93,61.1,61.92,64.69,64.31,61.79,59.96,58.27,60.68,60.68,58.19,58.19,61.86,57.41,57.62,56.6,55.15,52.7,92.48,52.22,48.7,76.3,63.77,117.37,64.17,46.99,35.4,15.0,28.21,28.21,28.21,40.56,68.65,67.25,66.75,64.56,63.91,51.3,52.97,46.96,44.88,80.47,80.47,76.82,76.82,73.78,74.17,72.91,71.16,66.22,64.47,62.95,103.16,150.0,52.4,53.85,54.99,58.34,58.12,54.63,46.34,46.09,43.69,54.9,53.86,53.24,52.17,52.39,52.52,42.68,50.08,42.17,46.53,44.75,40.41,48.51,48.84,58.54,51.25,74.24,75.81,82.59,83.85,83.85,75.84,96.41,95.13,85.43,72.49,68.12,61.58,89.76,75.92,61.58,74.71,65.36,67.37,58.27,58.19,150.0,50.62,78.74,76.06,79.93,61.96,58.19,52.5,72.38,76.82
24,44.26,63.55,24.46,23.26,48.35,71.79,42.32,79.63,22.11,19.64,62.7,37.59,56.42,44.95,36.41,34.52,36.93,46.31,52.39,24.27,18.87,27.22,31.51,42.47,15.73,46.47,51.33,51.92,55.66,54.37,52.9,57.34,60.87,41.78,43.15,45.96,50.17,51.13,44.1,40.82,39.24,38.73,37.76,36.77,36.46,33.11,28.11,27.69,25.97,23.62,23.5,45.71,49.8,51.12,47.63,51.45,53.61,57.62,59.46,64.59,62.4,65.94,68.76,40.21,40.86,42.42,42.42,42.42,44.77,46.08,51.29,48.93,48.93,55.34,57.2,57.2,57.2,64.35,64.03,63.7,64.03,63.02,68.97,73.2,78.22,43.7,42.31,41.6,40.49,40.76,36.96,34.38,32.49,43.53,41.69,33.55,29.87,26.74,24.85,23.16,22.42,58.86,58.86,39.24,40.27,40.92,40.51,43.36,44.43,46.15,45.54,49.94,53.0,53.5,53.78,150.0,43.48,38.38,37.1,35.49,33.26,46.13,65.7,32.77,33.54,36.45,36.08,33.55,31.76,30.04,32.27,32.27,32.43,32.43,34.41,29.19,29.4,28.38,27.15,25.19,77.54,23.94,20.27,55.13,38.98,107.76,42.98,18.41,19.99,38.46,34.23,34.23,34.23,15.0,40.32,38.92,38.94,36.22,35.53,21.8,23.91,17.9,16.46,52.3,52.3,48.93,48.93,46.25,46.13,45.03,43.58,38.39,37.03,35.51,90.53,150.0,26.89,24.78,25.79,25.74,25.59,30.05,28.56,28.31,25.92,27.42,24.8,31.33,33.57,38.85,43.94,33.69,43.25,34.39,21.97,25.0,19.48,20.21,19.78,30.12,22.19,45.95,47.63,54.24,55.67,55.67,47.66,68.23,66.84,57.2,44.26,39.75,33.25,70.82,52.99,34.34,50.96,37.1,39.14,30.04,32.43,150.0,22.42,58.18,47.89,51.65,33.55,32.43,24.19,44.19,48.93
25,15.0,26.96,34.27,42.19,17.94,39.55,24.46,47.39,32.12,37.33,38.8,25.36,42.09,36.34,27.39,19.76,42.26,45.32,65.06,44.5,38.61,59.55,66.46,74.79,46.47,25.8,17.73,15.51,19.61,17.47,17.2,21.11,24.22,15.36,17.45,15.26,16.49,18.36,18.33,18.24,19.15,19.62,20.62,22.25,22.74,25.91,26.83,27.28,29.04,32.09,34.1,15.09,15.46,16.16,18.61,19.21,21.37,23.67,27.22,28.92,27.63,33.3,36.52,24.34,36.47,20.65,20.65,20.65,22.46,21.63,24.11,25.3,25.3,31.26,33.38,33.38,33.38,40.52,34.07,31.55,34.07,30.78,38.9,40.96,45.98,21.58,22.27,19.86,19.19,15.62,20.24,20.53,19.56,31.05,32.41,23.23,25.57,27.78,29.49,31.09,34.05,35.05,35.05,25.37,42.1,28.11,30.2,30.91,31.98,34.23,33.09,37.49,40.56,41.06,41.33,150.0,35.94,25.32,26.87,25.56,25.73,40.06,58.28,21.75,20.12,28.48,32.13,31.32,30.96,32.85,53.63,53.63,37.55,37.55,39.13,30.99,33.54,34.92,39.28,39.8,85.26,30.68,33.54,63.28,53.55,114.05,59.91,39.86,52.28,70.79,71.75,71.75,71.75,39.56,18.19,16.33,18.92,17.3,18.42,43.63,44.32,40.49,41.77,21.09,21.09,25.3,25.3,27.22,25.66,25.92,27.65,38.34,33.38,34.09,94.72,150.0,41.53,45.2,45.2,48.66,49.95,56.55,54.09,59.55,63.19,53.72,44.08,57.63,59.78,65.97,70.78,64.81,74.0,71.99,46.15,51.4,51.12,36.16,37.13,25.88,40.79,18.07,18.61,30.52,23.41,23.41,18.91,35.99,36.87,33.38,20.69,21.19,19.7,66.54,47.09,27.86,44.9,28.44,24.41,32.85,37.55,150.0,36.72,64.2,18.86,22.69,54.9,37.55,35.96,21.97,25.3
26,18.17,24.62,38.73,46.73,23.76,36.26,30.02,44.09,37.1,42.25,42.46,32.37,48.04,43.11,32.31,25.81,49.17,49.97,69.66,50.08,43.51,64.44,71.34,79.68,51.33,17.73,18.28,16.2,16.67,16.4,17.96,21.57,21.92,18.92,21.08,19.94,22.3,24.59,22.68,23.24,24.44,24.98,25.96,27.33,28.46,29.83,31.42,31.87,33.73,36.63,38.6,18.13,21.25,23.21,24.42,21.1,20.42,20.02,24.46,24.36,23.41,29.84,33.22,30.92,42.73,27.52,27.52,27.52,29.34,28.5,28.88,30.83,30.83,36.59,36.86,36.86,36.86,43.0,33.11,30.6,33.11,27.49,35.61,37.67,42.69,28.46,27.86,25.41,24.81,21.34,25.65,26.14,24.9,35.93,37.42,28.96,30.6,32.75,34.43,36.12,39.03,40.24,40.24,32.27,48.15,35.02,37.03,37.69,38.75,41.0,39.87,44.26,47.33,47.83,48.05,150.0,42.72,32.16,32.23,30.96,31.18,44.81,62.08,27.07,25.96,34.06,37.47,36.75,37.73,39.35,58.67,58.67,44.46,44.46,46.04,36.57,39.13,40.4,44.7,45.42,88.7,35.68,38.11,67.22,58.07,115.73,64.64,44.59,57.16,75.68,76.63,76.63,76.63,44.46,21.97,22.16,25.09,23.49,24.5,48.31,48.98,45.21,46.39,25.22,25.22,30.83,30.83,33.56,32.26,32.67,34.28,44.77,40.41,41.11,98.17,150.0,47.15,49.86,49.8,53.26,54.55,61.14,58.75,64.2,67.33,58.32,48.68,62.23,64.38,70.54,75.31,69.4,78.55,76.09,51.53,56.97,56.01,40.76,42.06,30.38,45.25,23.46,24.42,32.26,20.62,20.62,25.08,32.7,35.69,36.86,27.56,26.48,25.32,69.85,51.39,32.99,49.56,33.38,30.02,39.35,44.46,150.0,41.97,67.83,24.71,27.46,59.94,44.46,40.99,28.85,30.83
27,15.23,19.01,39.73,47.66,23.64,35.45,30.31,43.28,37.58,42.79,43.5,33.14,49.4,44.12,33.24,25.21,50.04,50.13,70.47,51.05,44.07,65.01,71.92,80.25,51.92,15.51,16.2,15.0,15.32,15.0,15.0,18.74,16.57,16.81,18.75,17.47,19.34,23.66,23.78,23.69,24.61,25.08,26.07,27.7,28.19,31.38,32.29,32.75,34.5,37.55,39.56,17.62,22.44,23.93,26.38,21.56,20.75,19.55,24.79,23.1,22.28,28.99,32.41,31.37,43.52,28.42,28.42,28.42,30.24,29.4,30.28,32.82,32.82,38.39,37.83,37.83,37.83,43.65,33.44,30.92,33.44,26.68,34.8,36.86,41.88,29.36,28.16,25.69,25.03,21.38,25.88,26.0,25.02,36.05,37.45,28.69,31.03,33.26,34.94,36.55,39.51,41.9,41.9,33.15,48.88,35.88,37.97,38.69,39.75,42.0,40.87,45.26,48.34,48.84,49.11,150.0,43.72,32.76,32.42,31.14,31.28,44.84,62.18,27.21,25.57,34.55,37.58,37.17,38.74,40.63,59.21,59.21,45.33,45.33,46.91,36.44,39.0,40.45,45.5,46.35,89.39,36.14,38.99,67.37,58.37,115.91,65.37,45.32,57.73,76.24,77.2,77.2,77.2,45.02,19.34,20.73,24.18,22.75,23.88,49.09,49.78,45.95,47.22,26.41,26.41,32.82,32.82,35.0,33.43,33.7,35.43,45.52,41.16,41.87,98.6,150.0,48.08,50.66,50.66,54.12,55.41,62.0,59.55,65.01,68.65,59.18,49.53,63.09,65.24,71.43,76.24,70.26,79.45,77.45,52.48,57.95,56.61,41.62,42.59,31.34,46.25,23.66,26.38,32.25,20.94,20.94,26.68,31.89,35.35,37.83,28.46,27.02,25.15,70.18,51.5,33.12,49.47,34.21,30.26,40.63,45.33,150.0,42.18,68.17,26.64,28.86,60.48,45.33,41.42,29.75,32.82
