,0,1,2,3,4,5,6,7,8,9,10,11,12,13,14,15,16,17,18,19,20,21,22,23,24,25,26,27,28,29,30,31,32,33,34,35,36,37,38,39,40,41,42,43,44,45,46,47,48,49,50,51,52,53,54,55,56,57,58,59,60,61,62,63,64,65,66,67,68,69,70,71,72,73,74,75,76,77,78,79,80,81,82,83,84,85,86,87,88,89,90,91,92,93,94,95,96,97,98,99,100,101,102,103,104,105,106,107,108,109,110,111,112,113,114,115,116,117,118,119,120,121,122,123,124,125,126,127,128,129,130,131,132,133,134,135,136,137,138,139,140,141,142,143,144,145,146,147,148,149,150,151,152,153,154,155,156,157,158,159,160,161,162,163,164,165,166,167,168,169,170,171,172,173,174,175,176,177,178,179,180,181,182,183,184,185,186,187,188,189,190,191,192,193,194,195,196,197,198,199,200,201,202,203,204,205,206,207,208,209,210,211,212,213,214,215,216,217,218,219,220,221,222,223,224,225,226,227,228,229,230
0,2.95,26.41,32.57,42.08,14.38,42.92,20.8,52.31,29.99,36.24,42.33,25.35,46.01,38.84,24.33,15.13,45.06,42.98,66.61,46.1,37.69,62.81,71.11,81.1,47.11,5.02,14.79,11.52,18.15,14.34,13.21,18.61,23.16,5.17,10.04,6.62,10.84,14.28,12.75,12.92,14.1,14.71,15.88,17.8,18.57,22.51,23.64,24.18,26.29,29.96,32.36,7.39,13.17,15.16,18.1,18.51,21.1,24.08,28.11,30.6,28.94,35.44,39.27,22.02,37.66,20.54,20.54,20.54,22.73,21.72,24.7,26.13,26.13,33.28,35.82,35.82,35.82,44.39,36.33,33.31,36.33,32.39,42.13,44.6,50.63,19.85,18.21,15.28,14.47,10.1,15.66,16.05,14.82,26.83,28.66,19.32,22.1,24.72,26.76,28.74,32.31,37.83,37.83,25.59,44.11,29.0,31.46,32.32,33.6,36.3,34.94,40.21,43.9,44.5,44.83,150.0,38.35,24.15,23.66,22.1,22.31,36.74,55.2,17.5,15.6,25.98,29.98,29.04,31.8,33.68,55.85,55.85,39.4,39.4,41.31,28.62,31.68,33.43,39.44,40.47,86.14,28.17,31.6,61.98,53.02,114.03,61.17,39.25,54.09,76.29,77.45,77.45,77.45,38.83,11.28,10.31,13.63,12.14,13.52,43.79,44.63,40.04,41.54,21.08,21.08,26.13,26.13,28.44,26.55,26.87,28.95,40.14,35.12,35.97,95.83,150.0,42.54,45.68,45.69,49.84,51.39,59.3,56.36,62.9,67.19,55.92,44.34,60.61,63.18,70.62,76.38,69.21,80.24,77.74,47.8,54.39,52.74,34.84,36.01,22.5,40.39,13.71,18.1,31.22,23.54,23.54,18.45,38.64,39.69,35.82,20.59,16.85,15.04,64.13,43.79,23.97,41.84,25.54,20.75,33.68,39.4,150.0,35.46,62.57,18.4,22.99,57.38,39.4,34.6,22.13,26.13
1,26.41,88.6,55.94,65.45,35.56,43.67,43.68,53.08,53.36,59.61,56.08,46.73,64.53,59.64,47.34,38.61,67.06,62.99,84.95,68.69,60.84,85.96,94.26,104.25,70.26,26.36,23.55,16.81,18.46,13.42,15.88,20.2,39.95,28.56,28.87,26.62,27.34,33.76,34.47,35.03,36.29,36.94,38.13,39.99,41.39,45.07,47.01,47.55,49.66,53.33,55.73,27.94,33.8,35.75,35.93,29.78,28.81,25.98,33.46,28.86,27.88,35.46,40.03,44.7,59.37,40.91,40.91,40.91,43.09,42.09,40.26,43.31,43.31,49.99,49.28,49.28,49.28,56.26,43.04,41.02,43.04,33.15,42.89,45.37,51.39,42.04,41.13,38.16,37.54,33.22,38.76,39.23,37.98,48.05,50.1,42.77,45.4,47.89,49.97,52.05,55.67,54.16,54.16,46.61,65.94,49.91,52.33,53.13,54.4,57.1,55.75,61.02,64.7,65.29,65.54,150.0,59.16,46.44,46.74,45.1,45.37,56.94,71.74,40.67,38.98,48.96,53.04,52.05,53.49,55.77,78.89,78.89,61.41,61.41,63.31,51.81,54.88,56.48,62.17,63.05,99.66,51.32,54.75,79.36,73.25,121.7,80.61,62.56,77.24,99.45,100.6,100.6,100.6,61.98,31.08,32.4,36.39,35.48,36.94,67.14,68.0,63.41,64.86,35.62,35.62,43.31,43.31,47.85,46.45,47.11,49.06,61.77,56.36,57.21,106.84,150.0,65.12,69.05,69.06,73.21,74.75,82.67,79.73,86.27,90.37,79.28,67.7,83.97,86.55,93.98,99.75,92.58,103.61,100.89,70.5,76.97,75.86,58.21,59.37,45.86,63.76,35.59,35.93,43.84,29.05,29.05,37.17,39.41,43.55,49.28,40.96,39.73,38.25,79.65,62.53,46.22,61.3,48.55,43.76,55.77,61.41,150.0,58.64,79.41,36.35,38.55,80.42,61.41,57.95,42.5,43.31
2,32.57,55.94,0.0,11.67,41.35,70.53,34.38,79.92,5.11,8.62,62.66,32.91,55.93,46.78,25.52,18.92,40.75,37.49,56.51,28.03,14.25,39.03,47.31,57.32,23.36,35.13,40.47,41.68,47.13,44.62,42.79,47.14,52.73,30.03,31.53,33.86,37.95,36.53,29.18,27.12,23.72,22.69,21.15,19.83,20.81,14.4,9.08,8.58,6.85,3.65,3.96,35.27,41.21,43.84,41.98,46.12,48.71,51.71,55.72,58.25,56.58,62.98,66.88,33.06,38.9,37.97,37.97,37.97,40.88,41.92,48.18,46.34,46.34,53.64,56.07,56.07,56.07,64.64,63.94,60.92,63.94,60.0,69.74,72.21,78.24,34.13,32.8,31.7,30.28,29.66,25.63,22.79,20.48,30.17,27.11,17.57,13.45,12.44,11.05,8.56,7.02,58.05,58.05,34.89,39.51,37.21,39.39,40.27,41.54,44.25,42.89,48.16,51.84,52.44,52.77,150.0,46.31,31.63,26.37,25.27,22.71,35.72,55.87,17.74,17.78,28.57,30.21,31.64,29.53,27.42,34.22,34.22,35.04,35.04,36.99,21.98,22.86,23.46,26.72,27.24,79.83,13.27,7.28,48.65,35.15,106.83,45.93,11.37,30.32,52.52,53.63,53.63,53.63,16.03,28.6,26.3,26.22,22.34,20.36,14.8,15.07,11.0,12.75,47.5,47.5,46.34,46.34,43.84,43.33,41.84,40.74,39.38,39.3,38.28,92.5,150.0,30.56,16.1,15.62,19.77,21.31,29.23,26.78,33.33,37.7,25.84,14.26,30.53,33.11,40.33,45.88,39.14,49.89,48.16,28.18,34.36,28.97,5.29,7.98,11.13,9.64,37.02,41.98,48.79,51.15,51.15,41.74,66.25,67.3,56.07,39.74,30.64,21.54,59.59,42.82,22.55,41.12,26.77,29.34,27.42,35.04,150.0,15.75,50.5,42.21,48.61,35.75,35.04,9.8,40.01,46.34
3,42.08,65.45,11.67,2.83,50.69,80.03,43.71,89.43,13.77,10.35,70.99,40.02,63.75,53.1,34.85,28.43,44.26,45.41,59.52,31.74,17.61,38.49,42.97,56.79,21.91,44.63,50.07,51.19,56.64,54.12,52.3,56.73,62.24,39.53,41.04,43.46,47.62,46.37,38.91,36.71,33.49,32.48,30.91,29.55,30.37,24.27,18.91,18.41,16.68,13.39,12.64,44.77,50.72,53.35,51.3,55.63,58.21,61.22,65.23,67.76,66.08,72.49,76.39,42.39,45.4,45.87,45.87,45.87,48.69,50.25,56.57,54.67,54.67,62.02,64.4,64.4,64.4,72.97,72.57,70.43,72.57,69.51,78.5,81.72,87.75,43.46,42.13,41.03,39.6,39.17,35.03,32.15,29.83,38.84,35.79,27.11,22.86,21.75,20.18,17.42,12.45,66.38,66.38,42.06,45.21,44.17,44.72,48.08,49.36,52.06,50.7,55.97,59.65,60.26,60.58,150.0,51.34,40.61,35.69,34.37,31.88,43.83,62.53,27.14,27.27,37.56,38.26,35.23,33.08,31.01,37.9,37.9,38.55,38.55,40.5,29.97,30.25,29.02,30.29,30.94,82.05,21.99,15.95,54.58,39.33,108.07,49.48,12.19,29.51,51.98,45.58,45.58,45.58,17.65,38.06,35.79,35.55,31.83,29.87,8.3,8.35,8.58,10.73,56.83,56.83,54.67,54.67,51.64,51.14,49.58,48.4,44.22,43.39,41.79,94.35,150.0,34.26,9.35,5.46,9.61,11.16,18.9,20.03,26.58,29.54,15.42,4.11,20.11,22.64,30.19,35.92,28.81,39.8,37.83,30.96,35.47,28.29,9.14,6.94,20.98,2.83,46.4,51.3,57.13,60.66,60.66,51.06,75.76,75.93,64.4,48.07,39.64,30.88,65.98,50.37,31.49,48.94,36.1,38.67,31.01,38.55,150.0,21.88,56.85,51.54,57.0,39.43,38.55,15.22,47.99,54.67
4,14.38,35.56,41.35,50.69,2.8,39.41,15.6,48.81,38.66,44.05,34.64,16.13,37.39,29.28,19.62,25.53,35.98,46.1,60.76,39.05,37.85,67.55,75.82,85.84,52.03,15.53,22.51,22.37,24.81,25.31,24.68,29.7,32.51,15.58,21.99,18.41,22.47,25.93,24.83,24.71,25.81,26.38,27.57,29.53,29.43,31.29,32.54,33.08,35.1,38.72,41.06,13.91,14.75,14.61,10.42,15.0,17.59,24.08,24.61,31.35,29.8,32.86,35.77,16.42,30.54,12.79,12.79,12.79,14.97,14.03,19.63,18.45,18.45,25.59,28.14,28.14,28.14,36.7,32.83,29.81,32.83,28.88,38.62,41.1,47.12,13.25,15.72,16.39,18.27,16.78,21.22,22.99,22.19,33.81,36.04,28.68,30.3,32.04,34.33,37.01,40.96,30.14,30.14,17.26,37.22,19.69,21.9,22.77,24.04,26.74,25.39,30.66,34.34,34.94,35.27,150.0,28.79,15.75,21.82,24.72,25.82,42.7,60.4,25.05,24.78,20.63,26.49,23.73,22.41,24.69,50.71,50.71,30.33,30.33,32.23,31.69,33.61,32.62,33.02,33.41,81.64,35.18,38.78,65.53,50.96,112.3,55.52,45.64,57.41,81.03,82.14,82.14,82.14,45.56,21.01,21.44,23.81,22.96,23.96,51.83,53.01,47.23,48.33,16.01,16.01,18.45,18.45,20.68,18.8,19.11,21.19,31.68,25.33,26.18,91.3,150.0,35.49,54.06,54.16,58.31,59.86,67.77,64.73,71.28,72.02,64.39,52.81,69.08,71.66,79.15,84.98,77.69,88.2,82.57,41.49,47.33,49.91,43.33,44.48,31.4,49.13,15.75,10.42,32.08,20.06,20.06,10.77,35.14,36.19,28.14,12.84,21.4,22.47,69.61,49.62,30.67,47.13,20.79,17.56,24.69,30.33,150.0,37.7,67.34,10.72,17.93,52.23,30.33,43.14,14.38,18.45
5,42.92,43.67,70.53,80.03,39.41,7.02,42.55,20.74,67.95,72.79,29.96,43.59,38.96,47.75,47.74,54.27,63.26,70.28,83.16,67.07,65.98,95.68,103.95,113.96,80.15,41.47,37.51,36.54,29.75,34.73,37.19,43.87,40.5,43.93,47.8,46.85,48.3,54.36,53.41,53.3,54.4,54.96,56.16,58.11,58.16,60.34,61.59,62.14,64.25,67.91,70.32,39.03,32.77,35.84,30.65,24.42,23.45,20.1,15.37,16.7,17.76,15.6,8.04,41.88,56.89,37.21,37.21,37.21,39.14,37.84,34.54,33.76,33.76,29.67,23.16,23.16,23.16,30.14,15.49,18.81,15.49,11.84,13.92,16.37,22.41,38.34,42.71,43.92,46.4,45.36,49.1,50.75,51.11,60.24,62.86,57.63,59.33,60.89,63.29,66.14,70.26,28.05,28.05,43.03,63.86,45.83,44.41,44.94,46.21,45.81,45.66,42.0,42.68,41.7,40.51,150.0,50.26,43.88,49.65,52.4,53.68,67.27,81.12,54.16,53.67,48.75,54.62,51.86,50.54,52.81,78.83,78.83,57.61,57.61,59.51,59.82,61.74,60.75,61.14,61.54,98.14,64.27,67.72,86.85,75.57,121.68,79.36,73.86,85.51,109.16,110.27,110.27,110.27,74.81,47.41,49.64,51.82,51.57,52.54,81.27,82.59,75.67,76.48,30.29,30.29,33.76,33.76,38.35,39.37,40.45,40.39,56.75,51.57,52.33,104.94,150.0,63.36,83.64,83.65,87.79,89.34,97.25,94.31,100.86,100.14,93.87,82.29,98.56,101.14,108.57,114.33,107.17,117.14,110.7,69.53,75.28,77.99,72.79,73.96,60.45,78.34,42.26,30.65,45.48,20.33,20.33,32.4,10.25,16.34,23.16,37.11,48.53,50.6,88.96,73.06,58.12,70.75,48.92,45.11,52.81,57.61,150.0,65.83,88.37,31.03,33.23,80.36,57.61,72.41,38.59,33.76
6,20.8,43.68,34.38,43.71,15.6,42.55,0.0,51.95,31.48,36.93,31.71,8.03,30.53,21.38,8.87,20.08,28.8,37.14,54.92,31.85,30.55,60.37,68.64,78.66,44.78,23.35,30.02,30.37,33.02,33.31,31.98,37.32,40.59,17.69,22.35,24.02,29.25,32.13,26.55,24.26,23.55,23.78,24.61,25.72,24.11,24.95,26.19,26.73,28.38,31.71,33.94,20.48,20.65,18.71,13.6,18.14,20.73,29.92,27.75,34.49,35.22,36.77,38.9,3.19,21.54,6.59,6.59,6.59,10.93,10.98,17.29,15.39,15.39,22.75,25.12,25.12,25.12,33.69,33.29,32.94,33.29,32.02,39.22,44.24,50.26,5.84,5.43,7.4,9.32,18.96,17.12,15.94,15.38,28.05,29.88,22.54,23.32,24.48,26.63,29.59,33.76,27.1,27.1,7.92,28.95,11.6,14.01,14.86,16.14,18.84,17.48,22.75,26.44,27.04,27.37,150.0,20.89,7.11,10.68,14.91,15.46,35.09,55.29,18.12,18.75,10.86,16.31,13.59,15.19,17.4,43.52,43.52,23.15,23.15,25.05,21.02,24.6,23.61,25.82,26.22,77.33,26.43,31.05,57.69,43.78,109.91,49.35,38.42,50.21,73.85,74.96,74.96,74.96,38.27,20.45,21.23,21.54,19.23,19.66,44.87,46.08,40.11,41.07,19.13,19.13,15.39,15.39,16.64,14.76,14.14,15.3,24.31,18.15,19.0,87.71,150.0,28.29,47.13,47.14,51.29,52.84,60.75,57.81,64.35,64.84,57.37,45.79,62.06,64.63,72.16,78.01,70.66,81.16,75.39,34.3,40.14,42.72,36.29,37.46,25.05,42.2,13.31,13.6,35.03,23.2,23.2,13.36,38.28,36.65,25.12,8.79,12.45,14.67,65.11,43.79,23.36,38.84,10.23,5.6,17.4,23.15,150.0,28.69,60.61,13.83,17.72,45.05,23.15,35.89,9.85,15.39
7,52.31,53.08,79.92,89.43,48.81,20.74,51.95,16.83,77.34,82.19,37.62,52.99,46.61,55.4,57.14,63.66,71.24,78.44,90.02,76.28,75.38,105.07,113.35,123.36,89.55,50.86,46.91,45.94,39.15,44.13,46.6,53.28,49.9,53.33,57.2,56.25,57.7,63.76,62.81,62.7,63.8,64.36,65.55,67.51,67.56,69.74,70.99,71.54,73.64,77.31,79.71,48.43,42.16,45.24,40.04,33.82,32.85,29.5,24.77,26.1,27.16,27.63,21.32,51.27,66.29,46.61,46.61,46.61,48.12,46.32,43.28,41.42,41.42,37.33,30.82,30.82,30.82,37.79,23.14,26.46,23.14,21.12,20.33,14.69,14.22,47.74,52.11,53.32,55.79,54.76,58.49,60.15,60.51,68.86,71.53,67.03,68.72,70.29,72.69,75.53,79.66,35.7,35.7,52.43,73.14,54.4,52.07,52.59,53.87,53.47,53.31,49.65,50.34,49.36,48.16,150.0,57.91,53.27,59.05,61.8,63.08,75.47,87.83,63.56,63.07,58.15,64.01,61.26,59.94,62.21,88.23,88.23,65.6,65.6,67.49,69.21,71.13,70.14,70.54,70.94,103.15,73.67,77.12,93.89,83.79,124.81,86.97,83.26,94.85,118.56,119.67,119.67,119.67,84.21,56.81,59.04,61.04,60.96,61.94,90.66,91.99,85.07,85.87,39.69,39.69,41.42,41.42,46.01,47.1,48.18,48.04,64.88,59.22,59.98,108.93,150.0,72.32,93.04,93.04,97.19,98.74,106.65,103.71,110.25,109.54,103.27,91.69,107.96,110.54,117.97,123.73,116.56,126.54,120.09,78.8,84.39,87.3,82.19,83.36,69.85,87.74,51.66,40.04,54.88,29.73,29.73,41.8,16.75,24.47,30.82,46.26,57.93,59.99,95.23,80.66,67.15,78.63,58.32,54.5,62.21,65.6,150.0,75.23,95.2,40.43,42.63,89.76,65.6,81.81,47.64,41.42
8,29.99,53.36,5.11,13.77,38.66,67.95,31.48,77.34,2.04,7.69,59.76,29.94,53.03,43.87,22.61,16.34,37.05,34.69,53.51,24.34,11.22,36.35,44.57,54.64,20.53,32.54,38.52,39.1,44.55,42.04,40.21,45.18,50.15,27.44,28.96,31.72,36.37,36.43,28.14,25.02,22.49,21.38,20.02,18.8,18.6,14.27,8.3,7.79,5.73,3.24,4.02,32.68,38.63,41.26,39.07,43.54,46.12,49.13,53.14,55.67,54.0,60.4,64.3,30.16,35.73,35.06,35.06,35.06,37.97,39.02,45.28,43.43,43.43,50.74,53.17,53.17,53.17,61.74,61.26,58.34,61.26,57.42,67.16,69.63,75.66,31.23,29.9,28.79,27.37,27.08,22.87,19.94,17.62,27.72,24.56,15.12,10.79,9.61,7.95,5.13,3.6,55.15,55.15,31.95,36.23,34.26,36.37,37.36,38.64,41.34,39.98,45.25,48.93,49.54,49.86,150.0,43.2,28.72,23.46,22.1,19.6,33.15,53.79,14.97,15.18,25.66,27.3,27.88,25.84,23.73,30.53,30.53,31.35,31.35,33.3,18.45,19.08,19.76,23.03,23.54,77.61,9.56,3.61,45.88,31.92,105.6,42.76,10.84,27.6,49.84,50.93,50.93,50.93,12.37,25.93,23.7,23.67,19.74,17.78,15.44,16.08,11.5,13.43,44.6,44.6,43.43,43.43,40.93,40.43,38.93,37.83,36.07,35.82,34.58,90.65,150.0,26.86,17.13,17.11,21.26,22.81,30.72,27.81,34.35,38.73,27.34,15.76,32.03,34.6,42.17,48.07,40.63,51.84,49.63,24.5,30.84,26.28,6.26,7.48,10.71,12.35,34.21,39.07,45.99,48.57,48.57,38.83,63.67,64.62,53.17,36.84,27.34,18.66,58.16,40.47,19.72,38.67,23.86,26.43,23.73,31.35,150.0,12.08,47.86,39.3,45.7,32.05,31.35,5.95,37.1,43.43
9,36.24,59.61,8.62,10.35,44.05,72.79,36.93,82.19,7.69,7.61,63.22,32.4,56.11,45.62,28.76,22.59,36.91,39.58,53.47,24.26,10.51,33.54,41.64,51.83,17.57,38.79,44.69,45.35,50.8,48.29,46.46,51.35,56.4,33.69,35.19,37.94,42.51,42.38,34.21,31.21,28.63,27.53,26.15,24.86,24.8,20.27,14.51,14.0,12.01,8.88,7.31,38.93,44.73,47.14,43.83,48.39,50.97,54.68,57.99,61.92,59.89,65.45,69.15,34.92,37.82,38.17,38.17,38.17,41.05,42.48,48.79,46.9,46.9,54.24,56.63,56.63,56.63,65.2,64.79,63.19,64.79,62.27,70.71,74.48,80.51,37.39,36.0,34.94,33.53,33.33,29.07,26.12,23.8,33.44,30.31,21.39,17.01,15.75,13.95,11.13,6.23,58.61,58.61,34.48,37.72,36.61,37.31,40.44,41.72,44.42,43.06,48.33,52.02,52.62,52.95,150.0,43.95,32.95,29.6,28.02,25.48,38.49,58.23,21.19,21.42,30.26,30.54,27.82,25.71,23.6,30.55,30.55,31.2,31.2,33.16,22.15,22.5,21.42,22.94,23.53,77.61,15.13,9.59,48.91,32.87,105.6,43.05,7.38,24.77,47.02,47.85,47.85,47.85,12.69,32.16,29.94,29.8,25.98,24.02,11.63,12.2,6.49,8.19,49.4,49.4,46.9,46.9,44.01,43.5,41.95,40.78,36.81,36.02,34.44,90.65,150.0,26.82,13.25,13.58,17.73,19.27,27.19,23.93,30.47,34.85,23.8,12.22,28.49,31.07,38.69,44.65,37.1,48.39,46.06,23.9,29.59,23.55,4.08,4.49,16.78,9.04,40.3,43.83,50.99,53.44,53.44,43.75,68.52,68.15,56.63,40.3,33.17,24.82,62.35,45.47,25.62,43.82,29.89,32.48,23.6,31.2,150.0,14.35,51.88,44.11,49.21,32.07,31.2,8.92,40.31,46.9
10,42.33,56.08,62.66,70.99,34.64,29.96,31.71,37.62,59.76,63.22,0.0,32.95,19.14,27.93,37.58,47.97,47.29,61.87,70.87,53.32,55.89,84.82,93.18,103.11,69.24,40.56,44.95,46.2,41.7,46.72,49.05,52.65,52.9,44.09,48.78,46.02,49.99,53.46,53.36,52.09,51.32,51.62,52.5,53.61,52.0,52.83,54.08,54.63,56.47,59.99,62.21,40.02,34.2,34.88,29.68,29.31,27.33,33.94,29.21,30.55,31.61,34.27,29.53,31.01,44.85,25.17,25.17,25.17,25.05,22.85,20.09,17.21,17.21,13.28,8.39,8.39,8.39,12.97,15.06,15.97,15.06,25.47,20.99,28.51,34.54,30.11,34.27,35.74,37.7,45.89,44.73,43.82,43.27,53.62,55.63,50.43,51.22,52.54,54.98,57.91,62.03,8.23,8.23,30.25,50.46,30.92,27.85,28.2,26.92,26.0,25.84,22.18,22.87,21.89,20.69,150.0,31.31,33.64,39.44,43.2,43.97,59.72,75.22,46.01,46.64,38.59,44.45,41.7,40.44,42.65,65.63,65.63,41.65,41.65,43.54,49.65,51.57,50.58,50.03,49.21,88.96,55.05,59.46,79.22,66.64,117.7,67.06,63.87,73.31,98.3,99.58,99.58,99.58,64.75,47.34,48.82,48.9,47.11,47.54,71.46,72.83,65.56,66.31,24.05,24.05,17.21,17.21,21.8,22.99,24.06,23.83,41.11,35.01,35.77,96.96,150.0,49.71,73.88,74.2,78.35,79.89,87.81,84.55,91.1,89.81,84.42,72.84,89.11,91.69,99.32,105.29,97.72,107.54,99.98,56.28,61.33,64.41,63.37,64.51,52.94,69.7,38.13,29.68,48.03,31.4,31.4,29.4,22.55,18.47,8.39,23.31,40.3,42.55,83.71,66.37,50.17,62.74,38.76,35.07,42.65,41.65,150.0,55.67,81.29,30.03,20.52,67.15,41.65,64.18,24.76,17.21
11,25.35,46.73,32.91,40.02,16.13,43.59,8.03,52.99,29.94,32.4,32.95,3.25,26.6,17.44,7.4,22.47,23.1,36.93,50.3,26.16,24.96,54.67,62.95,72.96,39.1,24.43,32.84,33.77,35.17,36.7,36.07,41.1,43.6,23.16,27.31,28.92,33.87,37.16,31.24,27.75,27.03,26.92,27.0,28.07,26.43,27.18,27.25,27.79,27.35,30.23,32.46,23.2,21.9,19.02,14.61,19.18,21.77,31.36,28.79,35.53,36.42,37.92,39.94,5.63,20.07,8.15,8.15,8.15,10.67,12.21,18.53,16.6,16.6,23.98,26.36,26.36,26.36,34.93,34.52,33.98,34.52,33.06,40.45,45.27,51.3,12.32,11.22,13.3,13.71,24.48,20.09,18.6,18.45,31.0,31.27,24.67,23.44,23.81,25.18,28.1,32.17,28.34,28.34,4.92,24.85,7.42,8.81,10.93,12.21,14.91,13.55,18.82,22.5,23.11,23.43,150.0,16.97,3.99,9.76,15.69,15.33,34.65,56.25,19.78,21.06,6.99,12.81,10.06,9.51,11.75,37.83,37.83,17.45,17.45,19.35,18.6,20.71,19.72,20.13,20.53,73.91,24.66,29.32,56.1,39.67,108.01,44.47,33.02,44.53,68.16,69.27,69.27,69.27,33.81,25.23,24.71,24.93,22.65,22.75,40.56,41.92,34.66,35.41,20.18,20.18,16.6,16.6,14.31,13.46,12.02,11.32,18.79,12.2,13.05,84.86,150.0,22.6,42.97,43.28,47.43,48.97,56.89,53.65,60.19,59.14,53.5,41.92,58.19,60.77,68.38,74.31,66.8,76.8,69.69,28.61,34.45,37.03,32.47,33.59,26.11,38.68,18.22,14.61,34.93,24.24,24.24,14.57,39.31,37.89,26.36,10.03,17.57,17.66,65.76,43.58,23.36,37.94,7.93,6.88,11.75,17.45,150.0,24.8,59.02,14.89,18.95,39.35,17.45,34.28,9.96,16.6
12,46.01,64.53,55.93,63.75,37.39,38.96,30.53,46.61,53.03,56.11,19.14,26.6,5.67,15.41,30.43,45.8,39.13,57.17,64.23,45.13,48.6,76.63,84.99,94.92,61.7,44.51,51.65,53.29,50.42,55.02,55.54,59.85,61.36,45.94,49.95,49.63,53.95,57.37,54.03,50.55,49.87,49.96,50.33,51.4,49.76,50.5,50.28,50.82,50.37,53.26,55.49,43.66,39.86,38.97,33.82,35.67,36.32,42.94,38.21,39.54,40.61,43.26,38.53,28.72,41.01,28.47,28.47,28.47,26.86,26.62,26.51,22.95,22.95,19.69,17.34,17.34,17.34,21.98,24.05,24.96,24.05,34.46,29.98,37.51,43.53,33.29,33.92,35.95,36.6,47.52,42.97,41.6,41.49,52.1,52.64,47.95,46.47,46.88,48.28,51.14,55.31,11.62,11.62,24.3,42.46,22.53,19.57,15.67,14.4,13.48,13.32,9.66,10.34,9.36,5.67,150.0,18.79,26.58,33.1,38.91,38.5,54.74,72.76,42.95,44.38,31.43,37.29,34.54,33.18,35.49,57.4,57.4,33.49,33.49,35.37,42.49,44.41,43.42,42.33,40.98,84.06,47.98,52.6,73.86,60.05,114.96,60.05,56.67,65.29,90.11,91.39,91.39,91.39,57.43,48.09,47.51,47.31,45.46,45.84,64.3,65.66,58.39,59.15,30.41,30.41,22.95,22.95,23.43,24.02,23.19,20.37,32.57,26.83,27.6,92.87,150.0,41.51,66.71,66.96,71.11,72.65,80.57,77.39,83.67,81.62,77.18,65.6,81.87,84.45,92.08,98.05,90.48,99.98,91.79,48.08,53.15,56.22,56.2,57.27,49.14,62.46,40.11,33.82,52.65,40.4,40.4,33.45,31.55,27.46,17.34,27.13,40.47,40.66,81.12,62.23,45.5,57.32,31.6,29.63,35.49,33.49,150.0,48.51,76.09,34.11,26.94,58.92,33.49,57.44,26.99,22.95
13,38.84,59.64,46.78,53.1,29.28,47.75,21.38,55.4,43.87,45.62,27.93,17.44,15.41,0.0,21.27,36.65,25.05,49.23,52.8,31.08,37.95,62.58,70.94,80.87,47.94,37.61,45.74,46.94,47.34,49.88,49.25,54.27,56.52,37.03,41.13,42.39,47.04,50.42,45.02,41.4,40.72,40.81,41.17,42.25,40.6,41.35,41.13,41.66,41.22,44.11,46.33,36.53,34.65,32.2,27.09,31.17,33.76,43.35,40.78,47.52,48.42,49.66,47.32,19.56,30.24,21.03,21.03,21.03,17.94,19.65,22.67,17.96,17.96,26.35,26.13,26.13,26.13,30.77,32.84,33.75,32.84,43.25,38.77,46.3,52.32,25.67,24.77,26.79,27.44,38.37,33.81,32.44,32.34,43.71,44.19,38.8,37.32,37.72,39.13,41.99,46.15,20.41,20.41,15.15,31.1,13.38,10.42,6.52,5.25,2.82,4.17,7.63,11.32,11.92,12.24,150.0,4.48,17.42,23.94,29.75,29.35,46.75,66.22,33.8,35.22,22.28,28.14,25.38,23.75,25.78,43.39,43.39,19.41,19.41,21.3,32.78,34.45,33.46,28.82,26.97,75.62,38.79,43.45,66.89,49.17,110.29,47.99,46.12,51.31,76.06,77.34,77.34,77.34,44.32,39.0,38.36,38.32,36.31,36.69,53.35,55.02,47.75,47.8,25.92,25.92,17.96,17.96,14.32,14.89,14.1,11.22,21.22,14.15,13.53,85.84,150.0,27.47,56.07,56.31,60.46,62.0,69.92,66.74,70.45,67.57,66.53,54.95,71.22,73.8,81.43,87.4,77.46,87.41,77.74,34.04,39.09,42.17,45.56,46.62,39.99,51.81,31.56,27.09,45.97,36.23,36.23,26.65,40.34,36.25,26.13,20.21,31.31,31.51,75.01,54.82,36.7,49.64,22.44,20.47,25.78,19.41,150.0,38.54,69.29,27.33,23.1,44.91,19.41,48.29,18.65,17.96
14,24.33,47.34,25.52,34.85,19.62,47.74,8.87,57.14,22.61,28.76,37.58,7.4,30.43,21.27,0.0,15.44,23.68,32.05,50.73,26.69,23.79,53.39,61.69,71.68,37.69,26.88,32.77,33.89,36.78,36.83,35.42,40.53,44.14,20.97,23.58,27.21,32.28,33.48,25.66,21.75,20.8,20.43,19.98,21.01,19.36,20.1,19.87,20.4,19.96,22.84,25.07,24.27,25.18,22.94,18.75,23.34,25.92,34.6,32.94,39.69,40.15,41.82,44.1,7.56,23.28,12.46,12.46,12.46,15.37,16.85,23.16,21.26,21.26,28.62,30.99,30.99,30.99,39.56,39.16,38.14,39.16,37.22,45.09,49.43,55.46,11.98,9.77,11.72,11.15,21.58,14.79,12.36,11.95,25.07,24.58,17.55,16.05,16.46,17.86,20.73,24.89,32.97,32.97,9.38,27.48,11.7,13.88,14.76,16.04,18.74,17.38,22.65,26.33,26.93,27.26,150.0,20.8,6.12,5.1,10.76,9.4,28.33,51.04,12.55,13.98,4.48,9.92,7.2,12.17,12.25,38.36,38.36,18.01,18.01,19.93,12.46,15.87,16.59,20.67,21.06,74.24,17.56,22.19,51.04,38.34,108.19,44.93,31.1,43.9,66.88,68.03,68.03,68.03,29.4,20.28,18.76,19.04,16.49,16.2,36.18,37.22,32.41,33.63,24.35,24.35,21.26,21.26,18.33,17.82,16.33,15.23,22.48,17.31,18.16,85.14,150.0,23.13,38.27,38.28,42.43,43.97,51.89,48.94,55.49,57.9,48.5,36.92,53.19,55.77,63.29,69.14,61.8,72.89,68.33,29.14,34.98,37.56,27.42,28.59,18.72,33.34,17.99,18.75,37.93,28.39,28.39,18.78,43.47,42.52,30.99,14.66,15.43,11.25,60.84,37.62,16.32,31.81,3.01,3.83,12.25,18.01,150.0,20.56,54.16,19.05,23.59,39.89,18.01,27.03,14.64,21.26
15,15.13,38.61,18.92,28.43,25.53,54.27,20.08,63.66,16.34,22.59,47.97,22.47,45.8,36.65,15.44,2.67,39.1,36.3,58.64,35.9,26.1,51.22,59.46,69.51,35.43,17.71,24.97,24.25,30.23,26.61,24.69,30.17,35.39,12.88,14.19,16.25,21.06,21.62,13.8,9.93,7.86,6.73,6.19,7.4,5.98,8.69,9.99,10.54,12.64,16.31,18.71,18.57,24.88,27.4,27.26,29.86,32.44,35.45,39.46,41.99,40.32,46.72,50.62,19.45,33.68,24.48,24.48,24.48,27.18,27.23,33.47,31.65,31.65,38.93,41.38,41.38,41.38,49.95,47.68,44.66,47.68,43.74,53.48,55.95,61.98,19.42,18.41,17.07,15.57,13.63,11.17,9.01,5.94,16.85,16.31,5.48,8.64,12.61,14.24,15.33,18.66,43.36,43.36,24.35,38.18,27.06,29.26,30.14,31.41,34.11,32.76,38.03,41.71,42.31,42.64,150.0,36.16,20.47,15.12,15.84,14.81,28.68,46.58,4.27,2.42,18.48,20.13,22.62,26.64,25.81,44.27,44.27,33.43,33.43,35.35,18.75,21.82,23.56,29.02,30.64,80.28,16.58,18.51,53.73,43.13,110.16,52.34,25.75,42.47,64.7,65.84,65.84,65.84,27.24,12.08,8.81,9.52,4.86,3.38,30.34,30.99,26.39,28.38,32.62,32.62,31.65,31.65,32.89,31.01,29.91,30.57,35.28,32.7,33.55,92.85,150.0,32.72,32.04,32.04,36.19,37.74,45.65,42.71,49.26,53.63,42.27,30.69,46.96,49.54,56.97,62.73,55.57,66.59,64.58,37.14,44.25,41.15,21.19,22.36,8.85,26.74,21.49,27.26,37.79,34.89,34.89,27.02,49.99,51.04,41.38,25.05,17.88,7.32,55.04,34.98,14.65,33.88,16.7,17.46,25.81,33.43,150.0,24.67,54.14,27.49,33.87,45.79,33.43,21.11,26.41,31.65
16,45.06,67.06,40.75,44.26,35.98,63.26,28.8,71.24,37.05,36.91,47.29,23.1,39.13,25.05,23.68,39.1,0.0,47.11,40.11,18.53,29.11,50.27,58.63,68.56,38.32,44.72,53.0,54.05,55.65,56.99,56.36,61.26,63.93,42.3,46.01,48.61,53.91,56.56,49.31,45.41,44.45,44.09,43.63,44.66,43.02,43.66,41.02,40.52,38.6,38.86,39.69,43.28,42.32,39.31,35.12,39.7,42.29,51.88,49.31,56.05,56.94,58.44,60.46,26.28,32.6,28.93,28.93,28.93,29.75,31.94,35.08,30.36,30.36,38.76,40.7,40.7,40.7,49.27,48.95,49.81,48.95,53.58,54.88,62.4,68.42,33.1,30.95,32.92,32.35,43.67,37.62,35.72,35.6,46.76,46.42,41.17,39.07,36.74,35.23,37.84,38.4,42.68,42.68,23.32,33.27,24.12,19.93,23.46,24.74,26.6,26.08,31.35,35.03,35.64,35.96,150.0,23.3,24.08,25.89,32.51,31.57,48.32,67.94,36.21,37.64,21.8,21.39,18.29,17.52,16.94,34.46,34.46,8.68,8.68,8.41,24.31,25.61,24.62,19.95,16.96,66.22,33.79,34.97,60.26,41.39,107.31,37.11,37.35,39.18,63.75,65.04,65.04,65.04,35.43,43.49,42.41,42.26,40.14,39.85,44.51,46.18,38.91,38.94,38.32,38.32,30.36,30.36,26.72,27.29,26.5,23.61,24.07,15.55,13.73,80.46,150.0,15.12,47.23,47.47,51.62,53.16,61.08,57.9,58.14,55.27,57.69,46.11,62.38,64.96,72.59,78.56,65.15,76.26,65.43,21.46,24.64,30.26,36.72,37.78,42.04,42.97,37.98,35.12,50.62,44.76,44.76,35.15,56.44,52.34,40.7,29.76,36.62,34.9,76.52,56.78,38.65,51.16,23.26,25.02,16.94,8.68,150.0,29.7,64.53,35.42,35.5,35.99,8.68,40.31,29.15,30.36
17,42.98,62.99,37.49,45.41,46.1,70.28,37.14,78.44,34.69,39.58,61.87,36.93,57.17,49.23,32.05,36.3,47.11,44.66,62.03,42.56,35.59,59.98,67.16,75.85,46.4,45.22,50.79,50.99,54.36,53.54,52.08,56.73,60.18,40.44,42.28,44.92,49.35,50.74,44.45,41.57,40.63,40.43,40.01,40.18,39.16,37.89,35.5,35.22,33.72,35.32,36.96,44.32,48.21,48.96,45.13,49.1,51.34,55.86,57.44,62.47,60.67,64.31,67.12,36.43,45.74,40.41,40.41,40.41,42.89,43.88,49.33,47.71,47.71,54.06,56.15,56.15,56.15,63.59,63.22,61.95,63.22,61.15,68.36,71.75,76.98,39.04,37.19,37.63,36.63,40.11,36.3,33.8,33.28,44.37,42.43,36.96,34.29,32.52,31.59,33.26,36.55,57.87,57.87,38.66,48.16,40.86,42.71,43.58,44.68,47.03,45.85,50.42,53.62,54.14,54.43,150.0,48.79,35.97,33.05,34.51,32.24,44.95,61.49,34.1,35.11,33.56,35.55,36.54,37.03,35.76,50.18,50.18,42.16,42.16,43.86,30.61,32.4,33.6,38.29,39.35,78.81,30.66,33.59,56.36,47.99,100.76,55.79,40.93,52.26,71.68,72.65,72.65,72.65,39.49,39.71,39.0,39.24,37.06,36.88,46.37,47.41,42.39,43.26,49.97,49.97,47.71,47.71,46.03,45.31,44.33,43.98,46.21,44.08,43.98,88.74,133.75,41.41,48.32,48.34,51.94,53.28,60.15,57.58,63.26,63.87,57.21,47.16,61.28,63.52,70.07,75.18,68.75,77.93,72.97,43.82,49.49,49.62,38.92,39.93,36.12,44.15,42.9,45.13,56.91,53.49,53.49,45.1,66.57,66.13,56.15,41.98,37.63,32.78,70.46,53.21,36.45,47.62,32.57,33.68,35.76,42.16,132.48,33.39,58.53,45.38,49.7,51.5,42.16,38.22,42.29,47.71
18,66.61,84.95,56.51,59.52,60.76,83.16,54.92,90.02,53.51,53.47,70.87,50.3,64.23,52.8,50.73,58.64,40.11,62.03,50.04,34.91,47.22,60.7,67.5,75.56,52.37,67.58,73.09,74.06,76.39,76.45,74.99,79.35,82.4,64.31,65.29,68.22,72.33,73.31,66.95,63.75,62.94,62.67,62.23,62.86,61.69,61.36,59.05,58.64,56.92,54.98,55.66,66.62,65.92,63.46,60.06,63.79,65.89,73.68,71.59,77.07,77.8,79.01,80.66,52.87,55.18,55.02,55.02,55.02,56.61,58.39,60.94,57.11,57.11,63.93,65.51,65.51,65.51,72.48,72.21,72.91,72.21,75.06,77.03,83.14,88.04,58.41,56.64,58.24,57.77,63.64,58.92,56.18,55.82,64.98,63.13,60.06,57.74,55.45,54.01,54.48,54.63,67.12,67.12,51.34,54.87,52.04,48.63,51.5,52.54,54.05,53.63,57.91,60.91,61.4,61.66,150.0,51.37,51.08,52.47,56.37,53.4,63.69,76.52,56.29,57.45,49.21,48.84,46.38,44.67,43.08,50.3,50.3,37.03,37.03,40.86,47.04,47.04,46.12,40.19,37.56,70.22,51.66,51.82,66.42,53.52,96.36,47.53,53.75,52.04,71.66,72.7,72.7,72.7,50.71,62.61,61.35,61.25,59.5,59.26,59.52,61.03,55.02,54.3,63.58,63.58,57.11,57.11,54.15,54.62,53.97,51.62,49.23,45.07,43.59,81.14,126.77,34.79,61.88,62.13,65.5,66.76,73.19,67.34,67.1,64.76,70.44,61.03,74.25,76.35,81.48,85.66,72.8,83.05,73.02,37.95,40.94,44.44,53.35,54.26,59.9,58.48,62.36,60.06,70.81,67.9,67.9,60.09,78.3,74.96,65.51,56.62,61.25,55.25,85.61,71.08,57.94,65.06,50.39,51.82,43.08,37.03,124.98,47.54,70.67,60.31,61.29,51.54,37.03,56.17,56.13,57.11
19,46.1,68.69,28.03,31.74,39.05,67.07,31.85,76.28,24.34,24.26,53.32,26.16,45.13,31.08,26.69,35.9,18.53,42.56,34.91,1.15,16.59,34.35,42.72,52.64,23.12,47.4,54.09,55.26,58.24,58.2,56.4,61.76,65.55,43.27,44.46,48.06,53.13,54.33,46.33,42.42,41.21,40.9,39.95,38.97,38.34,34.62,31.52,31.01,28.82,26.15,26.98,46.24,45.39,42.37,38.18,42.77,45.35,54.94,52.37,59.12,60.01,61.51,63.53,29.33,30.3,31.98,31.98,31.98,34.74,36.36,41.1,36.39,36.39,44.79,46.73,46.73,46.73,55.3,54.98,55.83,54.98,56.65,60.9,68.43,74.45,36.15,33.97,35.93,35.36,42.43,36.65,33.24,32.8,44.19,42.62,34.77,30.4,27.16,25.28,25.54,25.71,48.71,48.71,28.11,29.64,29.45,25.92,29.47,30.74,32.62,32.08,37.35,41.04,41.64,41.97,150.0,29.33,27.13,28.82,33.09,28.64,44.5,65.93,33.35,34.53,24.82,24.37,21.34,19.16,17.12,20.39,20.39,13.8,13.8,18.14,20.54,19.32,18.09,11.69,7.72,65.36,21.81,22.25,48.87,28.95,102.62,24.11,24.54,23.44,47.84,49.12,49.12,49.12,20.59,41.16,39.61,39.51,37.33,36.97,31.7,33.59,26.1,25.05,43.78,43.78,36.39,36.39,32.75,33.31,32.5,29.6,24.6,21.58,19.75,80.77,150.0,7.1,34.64,34.95,39.1,40.64,48.56,42.52,42.23,39.35,45.17,33.59,49.86,52.44,59.48,64.49,49.24,61.47,49.52,6.05,9.58,14.34,24.13,25.26,32.59,30.45,41.0,38.18,50.26,47.82,47.82,38.21,62.47,58.36,46.73,34.18,39.64,32.1,71.32,53.11,33.81,48.36,26.27,28.04,17.12,13.8,150.0,16.63,55.18,38.48,41.53,21.91,13.8,27.61,34.06,36.39
20,37.69,60.84,14.25,17.61,37.85,65.98,30.55,75.38,11.22,10.51,55.89,24.96,48.6,37.95,23.79,26.1,29.11,35.59,47.22,16.59,3.21,32.18,40.45,50.47,16.64,40.34,46.21,46.88,51.36,49.82,48.06,53.38,57.63,34.71,36.36,39.73,44.78,45.94,37.54,33.58,31.68,31.13,29.99,28.81,28.43,24.43,18.44,17.94,15.87,13.04,13.17,39.42,42.0,41.18,36.99,41.57,44.16,51.35,51.18,57.92,56.96,59.63,62.33,28.12,30.28,30.77,30.77,30.77,33.54,35.15,41.47,39.57,39.57,46.92,49.3,49.3,49.3,57.87,57.47,56.37,57.47,55.45,63.4,67.67,73.69,34.45,31.89,32.97,31.89,33.49,28.93,25.83,23.57,35.6,33.57,24.93,20.51,16.71,14.05,12.48,11.94,51.28,51.28,26.91,30.06,29.02,29.58,32.93,34.21,36.91,35.55,40.82,44.51,45.11,45.44,150.0,36.2,25.92,25.09,24.93,21.09,37.89,59.25,23.92,24.9,23.3,23.16,20.13,17.95,15.91,22.76,22.76,23.41,23.41,25.36,14.91,14.74,13.93,15.14,15.79,72.96,11.71,9.03,43.71,26.1,103.03,36.42,10.99,23.44,45.66,46.77,46.77,46.77,10.73,32.97,31.29,31.04,28.06,27.28,18.28,19.66,12.71,13.39,42.58,42.58,39.57,39.57,36.49,35.99,34.43,33.26,29.07,28.24,26.64,86.78,150.0,19.11,20.71,20.82,24.97,26.52,34.43,31.38,37.93,36.65,31.05,19.47,35.74,38.32,45.95,51.91,44.34,54.36,47.2,16.71,22.92,21.32,10.08,11.14,20.85,16.32,38.04,36.99,48.35,46.63,46.63,37.02,61.71,60.83,49.3,32.97,32.22,24.48,64.76,45.39,25.23,42.4,23.92,26.32,15.91,23.41,150.0,6.91,48.63,37.29,41.9,24.28,23.41,13.83,32.86,39.57
21,62.81,85.96,39.03,38.49,67.55,95.68,60.37,105.07,36.35,33.54,84.82,54.67,76.63,62.58,53.39,51.22,50.27,59.98,60.7,34.35,32.18,2.64,20.23,18.88,26.67,65.46,71.33,72.0,76.49,74.94,73.18,78.51,82.75,59.84,61.48,64.85,69.9,71.06,62.67,58.7,56.8,56.25,55.11,53.93,53.55,49.54,43.56,43.05,40.98,38.17,37.9,64.55,69.39,70.87,66.68,71.27,73.85,78.76,80.87,87.2,84.49,88.67,92.03,57.85,58.69,60.49,60.49,60.49,63.24,64.88,71.2,67.89,67.89,76.28,78.23,78.23,78.23,86.8,86.47,86.07,86.47,85.15,92.4,97.36,103.39,62.14,60.41,59.61,58.28,58.61,54.05,50.95,48.69,58.63,56.76,50.06,45.63,41.83,39.56,37.6,36.61,80.21,80.21,56.61,57.98,58.72,57.42,60.96,62.24,64.11,63.58,68.85,72.53,73.13,73.46,150.0,60.82,55.64,54.19,52.28,49.57,59.99,77.19,49.04,50.02,53.33,52.88,49.86,47.66,45.64,48.53,48.53,45.54,45.54,49.93,44.6,44.86,43.63,41.88,38.95,84.4,38.37,34.14,65.85,51.52,112.75,51.89,32.09,18.38,14.07,37.92,37.92,37.92,24.37,58.09,56.41,55.71,53.18,52.4,37.26,39.27,32.07,29.56,72.28,72.28,67.89,67.89,64.24,64.72,63.2,61.1,55.18,53.07,51.25,96.64,150.0,38.58,40.32,41.7,45.84,47.39,43.7,31.32,31.02,28.14,47.67,40.34,46.35,47.23,50.59,57.38,38.03,53.0,38.31,31.54,29.4,24.2,33.93,34.32,45.97,37.21,64.8,66.68,74.81,76.33,76.33,66.71,91.4,89.86,78.23,62.69,57.46,49.6,81.51,65.72,49.39,64.44,54.14,56.55,45.64,45.54,150.0,36.45,68.63,66.98,71.62,50.05,45.54,38.71,62.57,67.89
22,71.11,94.26,47.31,42.97,75.82,103.95,68.64,113.35,44.57,41.64,93.18,62.95,84.99,70.94,61.69,59.46,58.63,67.16,67.5,42.72,40.45,20.23,19.94,22.84,31.82,73.76,79.61,80.3,84.79,83.24,81.48,86.8,91.05,68.13,69.78,73.15,78.2,79.35,70.93,66.98,65.09,64.5,63.35,62.16,61.79,57.77,51.77,51.27,49.2,46.38,46.16,72.85,77.68,79.15,74.96,79.54,82.13,87.04,89.15,95.5,92.77,96.95,100.3,66.12,66.99,68.77,68.77,68.77,71.52,73.15,79.47,76.25,76.25,84.65,86.59,86.59,86.59,95.16,94.83,94.34,94.83,93.42,100.76,105.64,111.66,70.44,68.7,67.9,66.58,66.91,62.35,59.25,56.99,66.24,64.36,58.29,53.87,50.1,47.83,45.83,44.87,88.57,88.57,64.88,66.29,66.99,65.78,69.32,70.6,72.48,71.94,77.21,80.9,81.5,81.82,150.0,69.19,63.92,62.48,60.55,57.84,67.23,83.12,57.33,58.28,61.61,61.16,58.13,55.94,53.91,56.89,56.89,53.91,53.91,58.3,52.88,53.14,51.91,50.25,47.31,89.42,46.68,42.36,72.06,58.77,115.52,59.07,40.16,25.69,22.83,22.78,22.78,22.78,32.69,66.39,64.71,63.86,61.47,60.66,40.86,43.43,39.7,37.38,80.55,80.55,76.25,76.25,72.61,73.04,71.52,69.46,63.53,61.43,59.61,100.83,150.0,46.95,41.07,42.28,42.38,42.63,38.69,30.63,30.36,27.46,40.84,42.29,39.18,38.98,41.5,45.68,28.69,41.97,28.53,39.9,37.77,32.57,42.2,42.13,54.18,42.95,73.09,74.96,83.12,84.6,84.6,74.99,99.68,98.22,86.59,70.97,65.71,57.9,87.0,72.44,57.36,71.4,62.42,64.83,53.91,53.91,150.0,44.73,74.67,75.26,79.9,58.42,53.91,46.99,70.84,76.25
23,81.1,104.25,57.32,56.79,85.84,113.96,78.66,123.36,54.64,51.83,103.11,72.96,94.92,80.87,71.68,69.51,68.56,75.85,75.56,52.64,50.47,18.88,22.84,0.0,44.96,83.75,89.62,90.29,94.78,93.23,91.47,96.8,101.04,78.12,79.77,83.14,88.19,89.35,80.96,76.99,75.09,74.54,73.4,72.22,71.84,67.83,61.84,61.34,59.27,56.46,56.19,82.84,87.68,89.16,84.97,89.56,92.14,97.05,99.16,105.49,102.78,106.96,110.32,76.14,76.98,78.78,78.78,78.78,81.53,83.17,89.49,86.18,86.18,94.57,96.52,96.52,96.52,105.09,104.76,104.36,104.76,103.44,110.69,115.65,121.68,80.43,78.7,77.9,76.57,76.9,72.34,69.24,66.98,75.4,73.64,68.35,63.92,60.12,57.86,55.89,54.9,98.5,98.5,74.9,76.27,77.01,75.71,79.25,80.53,82.41,81.87,87.14,90.83,91.43,91.75,150.0,79.11,73.93,72.48,70.57,67.86,75.95,90.26,67.33,68.31,71.62,71.17,68.15,65.95,63.93,66.82,66.82,63.83,63.83,68.23,62.89,63.15,61.92,60.18,57.24,95.38,56.66,52.43,79.56,67.52,118.84,67.57,50.38,36.48,5.01,27.85,27.85,27.85,42.67,76.38,74.7,73.67,71.47,70.69,55.56,57.57,50.36,47.85,90.57,90.57,86.18,86.18,82.54,83.01,81.49,79.39,73.47,71.36,69.54,105.79,150.0,56.87,58.62,59.99,64.01,63.74,59.56,49.6,49.31,46.43,59.88,58.63,57.88,56.6,56.87,57.03,45.22,54.1,44.6,49.83,47.7,42.5,52.22,52.61,64.26,55.5,83.09,84.97,93.1,94.62,94.62,85.0,109.69,108.15,96.52,80.98,75.75,67.89,93.71,80.53,66.97,79.79,72.43,74.84,63.93,63.83,150.0,54.74,81.94,85.27,89.91,68.35,63.83,57.0,80.85,86.18
24,47.11,70.26,23.36,21.91,52.03,80.15,44.78,89.55,20.53,17.57,69.24,39.1,61.7,47.94,37.69,35.43,38.32,46.4,52.37,23.12,16.64,26.67,31.82,44.96,7.15,49.76,55.6,56.3,60.79,59.24,57.48,62.81,67.05,44.13,45.78,49.15,54.2,55.35,46.92,42.98,41.09,40.47,39.31,38.12,37.75,33.73,27.73,27.23,25.16,22.34,22.2,48.85,53.76,55.35,51.16,55.74,58.33,63.15,65.35,71.5,68.88,73.12,76.51,42.26,43.03,44.9,44.9,44.9,47.72,49.29,55.55,52.71,52.71,60.41,62.65,62.65,62.65,71.22,70.84,70.44,70.84,69.62,76.77,81.84,87.87,46.44,44.77,43.92,42.58,42.91,38.35,35.25,32.99,44.24,42.18,34.26,29.84,26.09,23.82,21.79,20.9,64.63,64.63,41.09,42.33,43.1,42.61,46.03,47.31,49.38,48.65,53.92,57.61,58.21,58.53,150.0,46.18,40.05,38.52,36.59,33.92,46.29,65.98,33.32,34.25,37.74,37.29,34.27,32.11,30.05,32.73,32.73,32.92,32.92,35.29,29.02,29.28,28.05,26.58,24.23,77.45,22.72,18.32,54.15,37.78,107.31,42.15,16.03,17.14,40.16,35.07,35.07,35.07,9.02,42.39,40.71,40.29,37.47,36.63,19.92,22.69,15.48,12.98,56.76,56.76,52.71,52.71,49.5,49.35,48.04,46.29,40.07,38.43,36.61,90.63,150.0,26.27,23.74,24.95,24.89,24.7,30.06,28.27,27.97,25.1,26.9,23.76,31.59,34.28,40.62,46.73,34.44,45.9,35.27,20.36,24.01,16.16,18.25,17.73,30.14,20.62,49.14,51.16,59.09,60.8,60.8,51.19,75.88,74.21,62.65,47.1,41.69,33.9,70.98,53.01,34.29,51.28,38.52,40.96,30.05,32.92,150.0,20.9,57.27,51.46,55.98,34.26,32.92,23.03,47.02,52.71
25,5.02,26.36,35.13,44.63,15.53,41.47,23.35,50.86,32.54,38.79,40.56,24.43,44.51,37.61,26.88,17.71,44.72,45.22,67.58,47.4,40.34,65.46,73.76,83.75,49.76,14.58,14.18,11.85,17.43,14.79,14.58,19.33,23.06,8.0,13.11,8.55,12.53,15.99,15.99,15.89,16.99,17.55,18.74,20.7,21.28,25.1,26.19,26.74,28.84,32.51,34.92,6.67,11.59,13.39,16.33,17.06,19.64,22.4,26.66,28.7,27.15,33.97,37.82,23.21,37.77,18.78,18.78,18.78,20.96,19.95,22.93,24.37,24.37,31.51,34.05,34.05,34.05,42.62,34.88,31.86,34.88,30.94,40.68,43.15,49.18,19.9,20.73,17.83,17.03,12.73,18.29,18.63,17.47,29.26,31.05,21.87,24.68,27.34,29.38,31.31,34.86,36.06,36.06,24.45,44.51,27.73,30.24,31.1,32.37,35.07,33.72,38.99,42.67,43.27,43.6,150.0,37.13,24.38,26.24,24.67,24.88,39.01,57.08,20.11,18.14,28.17,32.55,31.59,31.15,33.42,58.35,58.35,39.07,39.07,40.96,31.18,34.25,35.9,41.13,41.76,86.71,30.82,34.25,63.93,55.26,114.86,62.47,41.83,56.73,78.94,80.1,80.1,80.1,41.48,14.03,13.09,16.2,14.76,16.11,46.36,47.19,42.59,44.12,19.32,19.32,24.37,24.37,26.67,24.79,25.1,27.18,40.01,34.06,34.92,95.66,150.0,43.84,48.24,48.24,52.39,53.94,61.85,58.91,65.46,69.83,58.47,46.89,63.16,65.74,73.17,78.93,71.77,82.79,80.39,49.38,55.68,55.34,37.39,38.56,25.05,42.94,14.84,16.33,30.62,22.09,22.09,16.69,37.19,38.24,34.05,18.83,19.43,17.64,65.85,45.93,26.51,44.01,28.13,23.3,33.42,39.07,150.0,38.07,64.5,16.64,21.23,59.88,39.07,37.16,20.37,24.37
26,14.79,23.55,40.47,50.07,22.51,37.51,30.02,46.91,38.52,44.69,44.95,32.84,51.65,45.74,32.77,24.97,53.0,50.79,73.09,54.09,46.21,71.33,79.61,89.62,55.6,14.18,12.63,11.74,12.8,12.73,15.19,19.74,20.3,16.33,19.25,17.59,20.73,23.51,21.21,21.88,23.33,23.98,25.15,26.8,28.15,29.79,31.7,32.25,34.48,37.95,40.33,14.47,19.48,21.85,23.3,19.33,18.5,18.01,23.35,23.23,22.09,29.8,33.87,31.11,45.28,27.02,27.02,27.02,29.2,28.2,28.66,31.0,31.0,37.91,38.22,38.22,38.22,45.6,33.74,30.72,33.74,26.99,36.73,39.2,45.23,28.15,27.44,24.49,23.77,19.61,24.78,25.37,23.88,35.12,37.05,28.76,30.71,33.29,35.32,37.35,40.83,42.28,42.28,32.73,51.78,36.02,38.43,39.23,40.5,43.2,41.85,47.12,50.8,51.4,51.66,150.0,45.26,32.58,32.67,31.15,31.42,44.71,61.64,26.49,25.15,34.88,38.97,38.1,39.27,41.22,64.4,64.4,47.35,47.35,49.25,37.89,40.95,42.48,47.64,48.5,90.85,36.82,39.73,68.66,60.68,116.87,68.15,47.51,62.6,84.81,85.95,85.95,85.95,47.35,20.33,20.59,23.67,22.19,23.4,51.97,52.77,48.25,49.67,24.27,24.27,31.0,31.0,34.27,32.71,33.2,35.14,47.72,42.49,43.34,99.81,150.0,50.58,53.82,53.76,57.91,59.46,67.37,64.5,71.04,74.79,63.99,52.41,68.68,71.25,78.65,84.37,77.28,88.26,85.31,55.84,62.36,61.21,42.91,44.47,30.45,48.3,22.02,23.3,31.54,18.74,18.74,24.1,33.24,36.83,38.22,27.07,25.77,24.39,69.82,51.1,32.67,49.6,34.06,30.03,41.22,47.35,150.0,44.36,68.85,23.65,26.95,65.93,47.35,43.19,28.61,31.0
27,11.52,16.81,41.68,51.19,22.37,36.54,30.37,45.94,39.1,45.35,46.2,33.77,53.29,46.94,33.89,24.25,54.05,50.99,74.06,55.26,46.88,72.0,80.3,90.29,56.3,11.85,11.74,0.0,8.91,4.41,6.87,13.14,13.58,14.18,16.5,14.97,17.15,22.39,22.53,22.43,23.53,24.09,25.28,27.24,27.83,31.65,32.74,33.29,35.4,39.06,41.47,15.12,20.92,22.72,25.66,19.87,18.89,17.46,23.75,21.72,20.74,28.79,32.89,31.64,46.22,28.11,28.11,28.11,30.29,29.28,30.33,33.38,33.38,40.06,39.4,39.4,39.4,46.38,34.13,31.11,34.13,26.02,35.76,38.23,44.26,29.23,27.79,24.83,24.04,19.66,25.06,25.2,24.02,35.26,37.09,28.42,31.23,33.92,35.93,37.86,41.41,44.28,44.28,33.78,52.65,37.06,39.57,40.43,41.7,44.4,43.05,48.32,52.0,52.6,52.93,150.0,46.46,33.31,32.91,31.37,31.53,44.74,61.76,26.65,24.69,35.46,39.1,38.6,40.48,42.75,65.05,65.05,48.4,48.4,50.29,37.73,40.8,42.54,48.6,49.62,91.67,37.36,40.79,68.84,61.04,117.09,69.01,48.38,63.28,85.49,86.64,86.64,86.64,48.02,17.21,18.88,22.58,21.31,22.65,52.91,53.74,49.14,50.67,25.69,25.69,33.38,33.38,36.0,34.12,34.43,36.51,48.63,43.4,44.25,100.33,150.0,51.7,54.79,54.8,58.94,60.49,68.41,65.46,72.01,76.38,65.02,53.44,69.71,72.29,79.72,85.48,78.32,89.35,86.94,56.97,63.54,61.94,43.94,45.11,31.6,49.49,22.38,25.66,32.7,19.13,19.13,26.02,32.27,36.42,39.4,28.16,26.42,24.18,70.22,51.23,32.82,49.5,35.06,30.31,42.75,48.4,150.0,44.62,69.26,25.97,28.63,66.57,48.4,43.71,29.7,33.38
