,0,1,2,3,4,5,6,7,8,9,10,11,12,13,14,15,16,17,18,19,20,21,22,23,24,25,26,27,28,29,30,31,32,33,34,35,36,37,38,39,40,41,42,43,44,45,46,47,48,49,50,51,52,53,54,55,56,57,58,59,60,61,62,63,64,65,66,67,68,69,70,71,72,73,74,75,76,77,78,79,80,81,82,83,84,85,86,87,88,89,90,91,92,93,94,95,96,97,98,99,100,101,102,103,104,105,106,107,108,109,110,111,112,113,114,115,116,117,118,119,120,121,122,123,124,125,126,127,128,129,130,131,132,133,134,135,136,137,138,139,140,141,142,143,144,145,146,147,148,149,150,151,152,153,154,155,156,157,158,159,160,161,162,163,164,165,166,167,168,169,170,171,172,173,174,175,176,177,178,179,180,181,182,183,184,185,186,187,188,189,190,191,192,193,194,195,196,197,198,199,200,201,202,203,204,205,206,207,208,209,210,211,212,213,214,215,216,217,218,219,220,221,222,223,224,225,226,227,228,229,230
0,50.15,131.98,166.02,203.92,88.05,196.85,106.69,226.29,154.71,175.72,206.96,133.92,229.57,187.2,125.95,93.44,213.53,177.8,218.17,218.86,182.69,303.31,334.05,376.17,230.97,52.48,71.49,79.1,103.13,86.63,82.28,99.87,112.58,56.06,70.03,66.56,68.25,84.46,79.37,81.98,86.11,90.11,94.09,105.15,100.49,117.27,128.71,130.99,139.45,154.88,165.01,73.29,86.11,89.93,94.74,112.79,114.34,123.66,134.65,149.1,148.21,164.54,181.74,117.15,123.97,114.14,114.14,114.14,123.9,121.24,132.25,145.45,145.45,160.49,180.18,180.18,180.18,215.88,164.86,156.81,164.86,151.95,181.28,202.6,226.38,98.49,102.53,90.45,89.32,69.65,87.39,89.49,91.48,93.53,108.31,102.87,122.05,127.44,138.96,145.24,164.57,188.44,188.44,133.94,140.34,145.81,158.12,209.8,204.49,196.75,199.97,213.29,209.35,206.73,214.65,163.57,184.78,129.04,122.23,111.84,197.64,112.91,104.0,102.55,95.09,132.24,140.88,150.88,162.29,170.1,169.68,169.68,194.04,194.04,198.59,146.58,155.94,166.21,178.52,195.36,203.8,141.45,156.9,158.42,183.26,183.9,214.57,184.77,261.62,357.06,360.05,360.05,360.05,192.61,59.66,68.37,74.2,80.64,86.54,211.23,214.62,188.02,195.22,117.09,117.09,145.45,145.45,168.31,151.28,142.05,152.05,159.81,173.34,178.73,200.4,202.72,198.65,213.11,220.6,238.03,244.61,254.36,259.56,281.3,307.09,264.2,214.95,278.92,289.06,294.54,308.64,312.99,335.05,348.79,223.33,245.89,252.67,174.36,180.24,123.84,198.63,76.03,94.74,98.27,116.44,116.44,104.27,178.5,150.33,180.18,115.48,91.84,89.7,115.11,107.2,106.26,134.88,130.84,116.63,170.1,194.04,187.61,169.17,145.01,106.9,125.14,169.22,194.04,169.64,122.88,145.45
1,131.98,79.44,255.1,293.02,177.81,191.49,190.7,222.04,245.98,267.0,245.81,218.03,289.48,267.86,216.15,183.84,299.89,270.33,302.75,303.85,273.52,394.62,425.88,468.0,322.8,129.74,127.35,95.74,101.63,83.11,86.05,83.82,74.05,145.35,140.85,128.34,109.8,124.75,151.24,162.4,169.43,173.81,178.29,184.73,186.3,204.38,219.75,221.95,230.71,244.97,254.9,158.16,155.63,170.81,172.23,153.29,149.24,131.83,161.26,150.46,135.82,149.52,177.83,201.87,205.46,193.63,193.63,193.63,200.71,198.05,193.36,207.19,207.19,209.03,218.16,218.16,218.16,244.57,186.17,188.74,186.17,156.01,190.08,208.32,231.08,183.93,191.78,183.8,183.68,165.46,182.69,182.21,183.31,185.13,199.99,192.96,213.62,219.11,230.52,236.81,255.88,238.5,238.5,216.11,221.38,226.49,238.77,290.46,285.15,277.11,280.63,276.17,276.07,266.65,274.57,244.23,265.44,215.7,214.87,207.09,290.31,205.05,195.81,194.2,186.44,222.1,230.92,238.35,247.33,256.66,253.21,253.21,280.41,280.41,281.37,237.47,245.12,254.73,263.87,279.9,288.72,233.28,248.73,250.38,270.41,271.39,299.54,276.14,352.4,448.89,451.88,451.88,451.88,284.45,151.01,155.75,164.21,170.23,176.95,302.49,305.88,279.28,286.48,176.51,176.51,207.19,207.19,228.23,219.64,219.18,228.86,241.74,255.66,261.88,286.78,289.1,283.24,304.37,311.85,329.29,335.87,345.61,350.81,372.84,398.35,355.46,306.2,370.18,380.32,385.8,399.9,404.24,426.3,440.05,308.47,330.29,338.8,265.62,271.49,212.56,287.73,164.59,172.23,134.26,149.02,149.02,175.55,182.21,180.2,218.16,193.02,187.21,181.64,206.19,199.03,198.15,227.59,221.18,205.61,256.66,280.41,272.98,260.32,236.92,176.42,186.25,252.74,280.41,261.47,201.06,207.19
2,166.02,255.1,50.0,75.76,174.89,313.8,168.55,343.24,51.77,62.23,286.58,158.25,277.09,220.0,132.77,107.94,196.96,144.37,162.19,141.01,88.2,196.71,226.42,268.54,127.91,176.75,195.02,206.88,230.86,212.42,204.39,220.68,236.37,158.65,173.34,180.64,185.9,180.24,148.09,137.02,125.93,120.4,114.42,123.11,103.52,90.22,67.47,65.38,59.0,50.0,51.06,186.76,202.43,202.88,198.19,217.9,228.68,246.03,251.6,266.05,269.77,284.81,298.69,163.12,174.07,182.59,182.59,182.59,195.23,200.85,227.73,223.61,223.61,249.08,259.8,259.8,259.8,295.51,278.2,265.88,278.2,268.89,298.23,319.54,343.32,171.43,162.29,156.52,149.72,146.54,129.37,122.97,114.09,111.18,99.21,98.13,83.4,78.83,79.45,63.8,59.15,268.05,268.05,169.11,178.01,178.43,185.42,242.61,237.29,229.56,232.78,246.1,246.44,250.86,261.92,192.04,206.58,154.55,132.83,123.07,185.54,112.79,104.2,103.67,103.99,137.81,128.04,146.11,150.59,141.69,165.11,165.11,173.52,173.52,185.47,117.3,121.6,121.72,136.36,154.44,159.75,79.62,60.04,95.55,108.91,112.65,143.91,70.33,157.94,249.43,252.42,252.42,252.42,88.77,144.05,136.43,127.91,121.06,113.88,89.15,92.83,71.15,79.74,219.02,219.02,223.61,223.61,215.99,208.74,195.52,195.07,180.33,190.25,190.61,166.68,167.7,152.58,88.02,95.5,112.94,119.52,129.26,134.46,157.28,182.0,139.11,89.86,153.83,163.97,169.45,183.55,187.9,209.96,223.7,143.46,171.1,156.3,52.02,58.46,76.87,70.47,181.5,198.19,217.94,233.39,233.39,199.19,295.44,267.28,259.8,191.76,139.51,118.56,89.93,102.38,101.79,123.8,133.55,148.08,141.69,173.52,137.21,95.64,86.72,200.5,226.62,164.81,173.52,67.21,191.0,223.61
3,203.92,293.02,75.76,50.0,212.8,351.71,206.45,381.14,86.29,71.26,316.7,193.69,303.61,246.52,170.67,145.85,210.83,179.03,178.48,153.41,103.58,170.02,197.93,240.06,113.26,214.66,232.93,244.78,268.76,250.34,242.32,258.6,274.28,196.55,211.26,218.57,223.82,218.16,186.05,174.95,163.86,158.33,152.36,161.06,141.46,128.26,105.37,103.28,96.9,82.09,74.78,224.01,240.33,240.78,236.09,255.8,266.58,283.93,289.5,303.95,307.68,322.71,336.6,201.03,210.93,220.49,220.49,220.49,231.44,238.76,265.63,250.32,250.32,284.26,289.92,289.92,289.92,325.62,310.47,298.16,310.47,306.8,335.22,357.45,381.23,209.33,200.2,194.43,187.62,184.44,167.27,160.87,151.99,149.09,137.11,136.04,121.3,116.72,116.63,100.14,79.03,298.17,298.17,203.97,212.05,212.77,206.44,269.12,263.81,256.07,259.29,272.61,272.96,277.37,288.44,210.81,226.78,192.45,170.61,160.98,219.09,150.65,142.11,141.58,141.89,175.39,165.45,177.4,167.68,159.08,181.9,181.9,189.46,189.46,199.35,150.44,150.3,146.04,152.31,169.49,176.65,115.26,94.71,127.84,128.64,134.07,159.42,78.47,145.17,220.95,223.93,223.93,223.93,98.82,181.95,174.35,165.81,158.97,151.78,61.26,64.76,64.79,73.58,256.92,256.92,250.32,250.32,242.51,240.11,226.98,221.77,200.98,207.34,204.48,182.62,183.65,169.06,59.53,67.02,84.45,91.03,100.78,105.98,128.8,153.51,110.62,61.37,125.34,135.48,140.96,155.06,159.41,181.47,195.22,154.88,170.11,148.23,66.67,58.74,114.88,50.0,219.4,236.09,255.84,271.29,271.29,237.09,333.35,305.18,289.92,229.66,177.42,156.47,127.84,140.28,139.69,160.71,171.46,185.99,159.08,189.46,152.41,119.06,121.43,238.4,264.53,181.61,189.46,83.58,227.78,250.32
4,88.05,177.81,174.89,212.8,50.0,200.14,54.35,229.57,161.64,182.34,167.83,85.79,195.04,138.71,84.22,115.11,167.83,160.64,175.75,183.7,172.02,297.41,330.33,372.71,227.51,91.81,107.41,125.51,142.93,133.75,130.79,147.8,159.57,91.91,116.79,114.93,117.01,133.4,126.53,119.23,119.5,123.22,126.95,138.23,129.93,135.32,139.76,142.04,148.79,163.61,173.05,94.81,92.27,82.66,77.97,97.69,108.47,141.95,137.94,152.38,158.06,171.96,185.03,66.54,75.64,70.72,70.72,70.72,82.08,82.1,107.84,107.72,107.72,129.2,141.05,141.05,141.05,176.76,158.31,146.0,158.31,155.23,183.07,205.88,229.66,50.0,56.73,56.46,69.06,71.41,81.91,87.73,96.28,101.26,114.41,122.43,126.89,129.74,140.94,148.19,170.9,149.3,149.3,84.6,92.34,97.35,109.63,161.32,156.0,148.27,151.49,164.81,165.16,169.14,179.96,115.09,136.29,81.98,91.53,90.5,182.2,107.35,106.42,107.52,110.32,93.78,103.6,109.24,115.19,124.41,121.17,121.17,148.36,148.36,150.14,122.66,126.37,135.23,140.38,152.97,160.86,138.65,157.07,144.1,155.73,160.06,177.87,190.19,253.79,353.6,356.59,356.59,356.59,192.55,97.12,104.08,98.09,105.4,108.66,218.46,222.24,195.64,202.1,98.81,98.81,107.72,107.72,133.89,113.15,99.31,109.04,111.23,124.84,130.22,154.75,157.07,156.51,220.73,228.21,245.65,252.22,261.97,267.17,283.38,314.71,271.82,222.57,286.54,296.68,302.16,316.26,320.61,342.66,354.02,188.73,205.62,224.08,181.98,187.85,136.29,207.51,58.28,77.97,113.33,119.79,119.79,78.98,181.78,153.61,141.05,73.01,72.74,92.41,122.34,108.4,105.24,120.47,89.93,74.21,124.41,148.36,149.54,154.21,140.1,80.28,106.41,120.71,148.36,169.63,80.41,107.72
5,196.85,191.49,313.8,351.71,200.14,59.26,188.9,73.5,302.23,322.36,151.73,211.07,233.2,223.84,224.47,244.42,262.77,303.33,290.02,299.98,302.25,414.9,453.28,495.88,363.01,190.15,187.7,168.23,144.29,167.98,178.51,190.55,183.22,202.11,216.75,211.5,206.29,225.91,240.4,241.54,244.75,248.69,252.5,258.45,257.51,270.16,276.5,278.77,287.24,302.66,312.79,197.46,157.36,165.13,160.44,132.5,128.45,110.88,94.57,97.2,96.43,81.21,63.3,196.47,194.5,181.32,181.32,181.32,184.13,181.47,163.38,158.01,158.01,135.03,124.07,124.07,124.07,150.49,92.09,105.99,92.09,80.03,79.23,76.88,88.42,187.23,197.69,206.02,213.3,205.8,222.17,228.33,233.92,237.53,252.2,254.38,266.6,271.22,282.35,289.88,311.82,144.42,144.42,204.14,203.88,200.98,195.41,243.5,238.19,229.68,233.67,219.88,219.79,210.36,218.29,200.23,221.42,209.36,231.95,235.19,323.18,251.23,246.58,246.27,242.75,229.25,238.9,235.68,239.95,248.75,228.16,228.16,253.1,253.1,238.62,259.61,261.68,267.46,263.24,269.58,274.51,283.59,299.36,283.76,281.69,284.2,295.19,324.53,376.65,474.33,482.93,482.93,482.93,327.55,212.79,225.12,224.22,232.37,236.8,358.48,362.41,334.03,339.08,156.06,156.06,158.01,158.01,171.94,180.2,189.88,186.34,205.46,219.16,229.07,262.2,264.52,273.18,360.9,368.38,385.82,392.39,402.14,407.34,414.2,445.69,411.99,362.74,426.71,436.85,442.33,456.43,460.78,481.21,483.99,306.97,321.44,340.65,322.15,328.02,272.49,346.42,189.48,160.44,139.2,114.72,114.72,162.5,68.0,104.04,124.07,177.01,218.26,231.42,260.1,249.65,248.3,265.22,230.07,209.57,248.75,253.1,272.06,289.2,284.69,162.75,164.76,221.57,253.1,312.11,185.57,158.01
6,106.69,190.7,168.55,206.45,54.35,188.9,50.0,218.33,155.25,175.13,155.93,63.01,172.78,115.69,66.89,111.72,144.8,147.61,152.73,160.68,151.53,276.06,314.38,357.04,218.42,110.45,123.56,144.42,147.35,152.66,149.7,166.71,174.64,103.63,129.47,132.64,135.92,152.05,134.46,123.11,122.16,125.29,126.82,137.29,126.48,131.67,135.97,138.24,143.38,157.25,166.68,111.68,86.08,71.42,66.73,86.44,97.22,130.74,126.69,141.14,146.82,160.72,173.79,50.0,53.17,56.3,56.3,56.3,70.18,70.2,96.49,96.37,96.37,117.85,129.15,129.15,129.15,164.86,146.96,134.65,146.96,143.99,171.72,194.64,218.42,50.0,50.94,57.91,67.46,79.87,78.83,83.96,92.57,97.56,110.63,118.66,122.86,124.77,134.66,141.73,164.5,137.4,137.4,61.58,69.46,74.33,86.61,138.3,132.98,125.25,128.47,141.79,142.14,146.54,157.61,92.07,113.27,58.82,74.38,80.02,174.69,101.56,102.42,103.72,106.61,71.72,81.38,86.78,92.16,101.39,98.15,98.15,125.34,125.34,127.12,102.08,104.15,113.0,117.36,129.95,137.83,130.37,150.66,126.29,133.08,137.04,154.85,175.96,237.06,335.49,344.09,344.09,344.09,179.05,105.64,108.23,101.54,104.82,105.59,211.89,215.86,186.8,191.02,87.46,87.46,96.37,96.37,111.68,96.1,80.78,86.24,88.21,101.82,107.2,131.73,134.05,133.49,214.35,221.83,239.27,245.85,255.59,260.79,274.46,305.96,265.44,216.19,280.16,290.3,295.78,309.88,314.23,336.29,344.25,165.71,182.6,201.06,175.6,181.47,132.5,201.16,66.0,66.73,108.26,108.54,108.54,67.7,170.54,142.37,129.15,61.11,67.62,88.72,118.6,104.23,100.63,111.32,72.49,53.92,101.39,125.34,126.52,133.64,130.2,69.04,95.06,97.69,125.34,163.07,66.94,96.37
7,226.29,222.04,343.24,381.14,229.57,73.5,218.33,59.63,331.67,351.52,177.64,240.02,259.1,249.74,253.91,273.86,288.68,332.58,315.93,325.89,330.57,440.81,479.18,521.79,390.27,219.58,217.43,199.52,175.58,199.27,209.8,221.84,214.51,231.59,246.48,241.25,237.45,257.02,269.88,270.97,274.18,278.12,281.93,288.0,286.94,299.59,305.93,308.2,316.67,332.1,342.23,226.86,186.79,194.56,189.87,161.93,157.88,141.24,124.01,127.88,126.41,108.07,87.99,225.91,222.44,209.49,209.49,209.49,210.62,207.95,189.29,183.92,183.92,160.94,149.98,149.98,149.98,176.39,118.0,131.9,118.0,109.74,99.13,72.53,69.77,216.67,227.12,235.45,242.74,235.24,251.6,257.76,263.35,266.96,281.63,283.81,296.03,300.66,311.79,319.31,341.26,170.33,170.33,231.03,230.06,226.88,221.32,269.41,264.09,255.58,259.58,245.79,245.69,236.27,244.19,226.14,247.33,238.5,261.36,264.62,352.4,280.66,276.01,275.71,272.18,258.6,268.24,264.82,268.57,276.86,254.07,254.07,279.01,279.01,264.53,288.94,291.01,296.01,290.46,295.48,300.42,313.02,328.79,313.07,309.7,312.27,321.34,352.58,402.56,500.23,508.84,508.84,508.84,355.49,242.23,254.55,253.65,261.8,266.23,387.77,391.84,362.86,367.06,185.11,185.11,183.92,183.92,197.85,206.11,216.07,212.25,231.37,245.07,254.98,288.11,290.43,299.09,390.33,397.82,415.25,421.83,431.58,436.77,440.1,471.6,441.42,392.17,456.14,466.28,471.76,485.86,490.21,509.56,509.9,333.37,347.34,366.55,351.58,357.46,301.92,375.85,218.91,189.87,168.64,144.16,144.16,191.94,88.7,129.95,149.98,203.5,247.69,260.85,289.54,279.09,277.73,294.6,259.5,239.0,276.86,279.01,299.02,317.78,314.1,192.18,190.79,247.48,279.01,341.54,212.05,183.92
8,154.71,245.98,51.77,86.29,161.64,302.23,155.25,331.67,50.0,56.33,273.29,142.96,263.8,206.71,119.47,96.66,181.24,129.37,146.51,125.45,74.24,189.47,220.2,262.32,117.13,165.46,184.36,195.59,219.53,203.82,195.87,213.21,226.87,147.28,164.08,173.04,180.2,178.07,144.99,131.63,121.33,116.0,110.0,119.19,99.03,87.52,63.19,61.09,53.09,50.03,50.48,175.29,190.53,189.62,184.93,204.65,215.43,234.6,240.03,254.48,258.28,273.28,287.12,149.83,160.78,169.3,169.3,169.3,181.94,187.56,214.43,210.32,210.32,235.79,246.51,246.51,246.51,282.21,264.9,252.59,264.9,257.33,286.66,307.98,331.76,158.17,149.02,143.26,136.45,134.93,116.5,110.09,101.41,99.4,87.01,87.48,71.8,66.03,65.15,51.15,50.3,254.76,254.76,155.15,163.75,164.25,169.47,229.31,224.0,216.26,219.48,232.8,233.15,237.56,248.63,175.54,192.08,141.25,118.87,109.78,172.96,99.33,91.53,91.32,92.73,122.07,112.08,130.16,134.91,126.01,149.43,149.43,157.84,157.84,169.76,101.01,105.8,106.05,120.69,138.77,144.08,62.24,50.01,79.87,93.28,97.02,128.23,65.37,147.34,243.21,246.2,246.2,246.2,78.78,133.12,126.38,117.13,110.17,102.72,91.56,94.95,68.37,75.58,205.77,205.77,210.32,210.32,202.7,195.45,182.23,181.77,164.09,173.67,173.88,151.0,152.03,136.91,93.41,100.9,118.33,124.91,134.66,139.86,162.53,187.39,144.5,95.25,159.22,169.36,174.84,188.94,193.29,215.35,229.09,127.9,155.82,142.39,54.69,60.56,73.83,81.0,168.62,184.93,206.37,221.82,221.82,185.94,283.88,255.71,246.51,178.46,126.24,105.79,78.94,89.29,88.53,110.2,120.26,134.79,126.01,157.84,121.54,80.04,69.61,187.25,213.37,149.14,157.84,52.45,177.71,210.32
9,175.72,267.0,62.23,71.26,182.34,322.36,175.13,351.52,56.33,50.23,282.16,158.11,269.11,212.02,140.13,117.69,176.33,145.64,144.23,119.09,69.07,175.24,205.96,248.09,104.42,186.49,205.32,216.62,240.52,224.84,216.88,234.41,247.89,168.24,185.1,194.21,201.49,199.77,166.4,152.77,142.51,137.22,131.25,140.53,120.35,109.14,85.0,82.89,73.7,62.12,54.93,195.34,211.03,209.32,204.62,224.34,235.12,255.39,260.59,275.03,278.96,293.9,307.68,169.24,175.49,184.96,184.96,184.96,196.1,203.22,230.1,215.82,215.82,249.19,255.38,255.38,255.38,291.08,275.81,263.5,275.81,277.88,300.08,326.72,350.5,178.84,169.3,163.96,157.15,155.67,137.21,130.78,122.14,120.46,108.07,108.53,92.98,86.89,85.8,68.61,51.55,263.63,263.63,168.74,176.89,177.59,171.94,234.62,229.31,221.57,224.79,238.11,238.46,242.87,253.94,176.31,192.28,159.66,139.25,130.41,188.49,119.99,112.58,112.38,113.77,140.21,129.97,141.99,133.11,124.44,147.4,147.4,154.96,154.96,164.85,113.78,114.4,111.01,117.81,135.89,142.15,82.02,60.94,91.34,93.85,99.27,125.02,51.5,135.38,228.98,231.96,231.96,231.96,66.16,154.1,147.39,138.1,131.16,123.75,74.83,78.2,53.07,57.6,223.3,223.3,215.82,215.82,208.01,205.19,192.06,187.27,166.47,172.84,169.98,148.12,149.15,135.0,77.55,85.03,102.47,109.04,118.79,123.99,146.1,171.53,128.64,79.38,143.36,153.49,158.98,173.07,177.42,199.48,213.23,121.54,148.3,132.59,50.04,50.23,95.49,65.97,189.1,204.62,227.14,242.38,242.38,204.61,302.72,275.18,255.38,194.13,146.93,126.48,100.18,110.02,109.23,129.68,140.18,154.59,124.44,154.96,117.91,83.9,87.36,206.04,230.62,147.11,154.96,52.99,192.38,215.82
10,206.96,245.81,286.58,316.7,167.83,151.73,155.93,177.64,273.29,282.16,50.0,166.83,179.76,170.4,183.87,228.39,209.33,262.44,236.58,246.54,253.83,361.46,399.84,442.44,311.98,204.33,207.57,209.41,193.46,219.14,229.68,241.72,234.81,212.37,230.09,225.09,234.53,251.13,247.53,239.76,238.81,241.94,243.47,249.6,243.15,248.35,252.65,254.92,261.06,275.28,284.71,208.36,172.19,160.13,155.43,149.03,138.29,150.56,129.8,143.81,147.75,151.76,148.25,158.38,147.44,134.23,134.23,134.23,130.88,124.52,129.35,123.98,123.98,120.34,64.26,64.26,64.26,83.36,92.06,94.97,92.06,121.97,116.82,147.17,170.95,154.89,165.05,174.45,185.08,196.0,195.9,200.68,209.24,214.24,227.31,235.34,239.72,242.15,252.1,259.76,281.29,63.61,63.61,154.39,151.1,147.54,141.97,190.06,184.75,176.23,180.23,166.44,166.35,156.93,164.85,146.8,167.99,166.23,192.41,198.98,287.66,218.92,219.26,220.4,223.29,187.89,197.51,190.5,192.59,199.36,174.72,174.72,199.67,199.67,185.18,218.0,220.21,219.39,212.29,216.14,221.07,248.31,268.7,241.0,232.03,234.67,242.19,275.35,323.21,420.89,429.5,429.5,429.5,277.73,220.12,224.84,218.19,221.47,222.24,319.07,324.15,289.42,289.36,135.28,135.28,123.98,123.98,118.5,127.04,141.23,146.12,152.02,165.73,175.63,208.76,211.08,219.74,322.77,330.26,347.69,354.27,364.02,369.22,360.76,392.25,373.86,324.61,388.58,398.72,404.2,418.3,422.65,438.26,430.55,254.45,268.0,287.21,285.52,289.9,249.18,311.41,173.45,155.43,163.82,142.36,142.36,145.34,123.33,105.31,64.26,126.58,185.71,205.39,235.28,221.19,217.9,229.0,189.45,174.66,199.36,199.67,220.68,241.55,247.36,142.81,131.12,168.13,199.67,276.68,133.09,123.98
11,133.92,218.03,158.25,193.69,85.79,211.07,63.01,240.02,142.96,158.11,166.83,50.18,159.26,102.16,59.25,122.85,119.43,131.17,127.55,135.51,129.58,250.89,289.21,331.87,193.39,134.9,150.0,169.85,170.77,180.74,178.4,195.2,202.07,128.45,154.08,158.99,164.7,180.11,156.8,142.53,140.79,141.56,139.01,147.83,136.06,141.42,133.03,133.64,133.09,146.69,155.24,135.12,109.17,94.51,89.82,109.53,120.31,153.83,149.78,164.23,169.9,183.8,196.87,55.97,55.68,63.9,63.9,63.9,73.85,81.38,108.25,103.05,103.05,129.61,140.05,140.05,140.05,175.76,158.72,146.41,158.72,167.07,183.48,213.83,237.61,72.02,71.49,84.86,85.75,101.1,94.2,98.14,106.04,111.67,116.1,128.6,123.98,116.83,123.2,129.68,151.74,148.3,148.3,52.18,58.25,59.53,64.8,124.77,119.46,111.71,114.94,128.26,128.6,133.01,144.08,76.88,97.43,50.12,68.96,78.71,166.64,100.08,107.04,110.82,117.5,56.65,64.23,61.94,67.05,76.36,72.95,72.95,99.98,99.98,100.27,84.94,87.01,94.22,92.19,104.78,112.66,115.63,137.18,109.15,109.45,111.96,129.67,152.93,211.89,310.32,318.92,318.92,318.92,155.5,127.33,127.87,120.82,123.36,122.41,196.35,201.36,167.04,167.14,103.88,103.88,103.05,103.05,98.16,89.13,75.52,76.44,64.46,77.87,80.36,106.56,108.88,108.32,199.89,207.37,224.81,231.38,241.13,246.33,249.29,280.79,250.98,201.73,265.7,275.84,281.32,295.42,299.77,319.18,319.08,140.54,157.43,175.89,161.99,167.01,135.52,188.4,95.23,89.82,131.34,131.63,131.63,87.34,189.99,164.02,140.05,72.28,85.25,102.8,122.42,104.82,100.65,104.78,60.75,56.71,76.36,99.98,101.35,115.5,114.89,88.45,110.02,71.28,99.98,149.1,70.26,103.05
12,229.57,289.48,277.09,303.61,195.04,233.2,172.78,259.1,263.8,269.11,179.76,159.26,59.97,89.5,174.89,238.95,195.32,251.77,223.49,233.46,240.74,348.37,386.74,429.36,298.89,226.93,231.81,235.27,232.67,251.14,260.36,273.57,274.68,235.58,254.44,249.52,257.14,273.74,267.93,256.64,254.76,256.88,255.25,260.55,252.34,257.92,251.88,252.48,251.93,265.79,275.22,230.21,189.97,179.36,174.68,168.48,179.26,212.93,203.33,223.18,225.61,233.13,229.72,166.66,153.19,162.78,162.78,162.78,161.2,158.08,140.64,135.28,135.28,147.32,152.99,152.99,152.99,188.7,173.54,161.23,173.54,203.32,198.3,228.64,252.42,182.04,183.08,195.99,200.19,215.78,208.37,212.31,221.05,226.06,231.74,244.8,239.88,234.78,243.27,250.26,270.09,161.24,161.24,147.45,141.68,134.45,128.89,96.15,90.82,82.25,86.31,72.85,68.67,62.91,52.72,133.71,127.07,158.82,185.9,195.16,280.33,216.22,222.84,226.73,233.22,177.5,186.82,177.41,179.5,186.27,161.63,161.63,186.58,186.58,171.17,207.01,208.32,206.3,199.2,203.05,207.98,238.41,259.04,228.52,218.95,221.59,229.1,262.26,310.12,407.8,416.41,416.41,416.41,264.64,240.77,242.02,234.86,237.33,236.79,305.98,311.06,276.33,276.26,146.58,146.58,135.28,135.28,96.35,123.56,145.83,133.03,138.93,152.64,162.54,195.68,197.99,206.66,309.68,317.17,334.6,341.18,350.93,356.13,347.67,379.17,360.77,311.52,375.5,385.63,391.11,405.21,409.56,425.17,417.46,241.36,254.91,274.12,272.43,276.81,251.24,298.32,199.36,174.68,194.86,190.58,190.58,163.54,204.8,178.83,152.99,155.64,199.57,217.4,238.12,220.66,217.04,222.02,179.91,171.47,186.27,186.58,207.59,228.46,236.84,160.33,142.43,155.04,186.58,263.59,156.38,135.28
13,187.2,267.86,220.0,246.52,138.71,223.84,115.69,249.74,206.71,212.02,170.4,102.16,89.5,50.0,117.8,181.87,139.16,194.69,166.41,176.36,183.65,291.28,329.66,372.27,241.81,185.73,199.55,215.52,216.44,231.38,229.55,246.18,251.46,185.62,209.54,211.66,215.94,232.4,214.11,199.55,197.67,199.79,198.16,206.18,195.25,200.84,194.79,195.4,194.84,208.71,218.14,187.17,160.0,141.53,136.84,155.05,165.83,199.43,193.97,209.75,214.23,222.77,220.35,109.57,96.11,107.57,107.57,107.57,104.12,111.16,127.3,104.49,104.49,137.96,143.62,143.62,143.62,179.33,164.17,151.86,164.17,193.96,188.93,219.28,243.06,124.95,125.99,138.9,143.1,158.69,151.29,155.22,163.96,168.97,174.65,187.72,182.79,177.7,186.57,193.18,213.0,151.87,151.87,90.37,84.59,77.36,71.8,55.74,50.42,50.0,50.0,59.23,57.86,70.44,73.35,76.62,77.24,101.74,128.82,138.07,224.47,159.47,165.76,169.64,176.13,120.41,129.73,120.33,122.41,129.18,104.55,104.55,129.49,129.49,115.01,149.92,151.24,149.22,142.11,145.96,150.9,181.33,201.95,171.43,161.86,164.5,172.01,205.17,253.04,350.71,359.32,359.32,359.32,207.56,184.59,184.93,177.77,180.24,179.7,248.9,253.98,219.24,219.18,137.22,137.22,104.49,104.49,96.21,94.96,88.74,75.94,81.85,95.55,105.46,138.59,140.91,149.56,252.6,260.08,277.52,284.1,293.84,299.04,290.58,322.08,303.69,254.43,318.41,328.55,334.03,348.12,352.47,368.08,360.37,184.28,197.82,217.03,215.35,219.72,194.17,241.23,147.5,136.84,177.01,177.15,177.15,129.98,195.44,169.47,143.62,108.74,142.48,160.31,181.03,163.57,159.95,164.93,122.82,114.38,129.18,129.49,150.5,171.38,179.75,129.03,129.07,97.96,129.49,206.51,102.69,104.49
14,125.95,216.15,132.77,170.67,84.22,224.47,66.89,253.91,119.47,140.13,183.87,59.25,174.89,117.8,50.0,94.75,124.01,113.08,131.85,139.81,124.84,253.9,286.59,328.71,183.51,137.07,151.61,168.91,180.43,177.15,172.1,189.8,200.05,115.96,141.6,150.47,157.93,168.37,138.21,121.76,115.97,114.68,110.65,121.31,107.57,113.22,107.55,108.16,107.6,121.47,130.9,136.19,121.66,107.0,102.31,122.02,132.8,166.32,162.27,176.72,182.39,196.3,209.36,61.43,71.65,79.88,79.88,79.88,92.95,98.14,125.01,121.41,121.41,146.37,157.09,157.09,157.09,192.79,175.48,163.17,175.48,179.56,200.24,230.21,254.0,76.1,65.53,76.24,70.97,88.21,74.34,76.01,80.19,85.59,87.32,100.22,95.04,90.45,100.45,105.95,128.72,165.34,165.34,67.98,76.74,77.68,87.66,140.41,135.09,127.36,130.58,143.9,144.24,148.65,159.72,93.89,114.74,53.7,51.61,53.79,144.77,72.96,78.15,81.94,89.75,50.0,54.34,59.98,77.07,80.48,88.86,88.86,104.51,104.51,112.44,73.64,77.12,85.98,96.45,109.08,116.96,94.66,114.88,95.48,109.88,113.52,133.97,145.68,210.02,309.61,312.59,312.59,312.59,148.56,109.95,108.91,99.9,98.76,96.63,176.11,180.08,153.34,159.24,119.82,119.82,121.41,121.41,113.79,106.5,93.28,92.87,84.39,95.9,97.91,110.86,113.18,112.62,178.57,186.05,203.49,210.06,219.81,225.01,240.18,271.73,229.66,180.41,244.38,254.52,260.0,274.1,278.45,300.51,310.03,144.82,161.73,180.19,139.82,145.69,106.41,165.38,97.3,102.31,143.84,144.12,144.12,102.13,206.11,177.95,157.09,89.04,69.52,78.95,93.28,75.9,72.37,79.34,50.0,50.42,80.48,104.51,105.61,105.33,95.21,104.39,126.78,88.4,104.51,127.29,88.58,121.41
15,93.44,183.84,107.94,145.85,115.11,244.42,111.72,273.86,96.66,117.69,228.39,122.85,238.95,181.87,94.75,57.57,187.7,134.69,177.1,172.92,131.93,248.37,279.11,321.23,176.03,104.14,123.65,134.27,158.29,141.49,133.5,151.93,164.88,86.56,102.05,111.23,118.35,119.05,86.2,70.93,61.67,57.61,54.09,66.46,51.53,61.02,70.64,72.91,81.38,96.8,106.94,118.46,133.53,137.34,138.7,158.12,161.91,175.03,182.22,196.67,199.34,214.77,229.31,110.88,126.61,131.27,131.27,131.27,142.64,142.66,168.58,168.46,168.46,189.94,201.61,201.61,201.61,237.32,212.43,204.27,212.43,199.51,228.85,250.16,273.95,111.9,104.28,95.38,88.03,78.31,70.55,64.25,54.43,51.14,63.39,50.72,65.29,75.47,86.55,88.38,106.56,209.86,209.86,131.01,137.68,141.74,151.99,204.47,199.16,191.42,194.64,207.96,208.31,212.71,223.78,158.05,178.96,114.25,92.82,84.58,161.95,77.26,55.01,51.38,50.43,105.12,107.38,123.7,141.24,144.11,153.58,153.58,168.14,168.14,176.16,105.7,114.88,125.15,137.69,154.7,164.19,91.86,100.81,113.87,138.3,137.86,169.05,126.98,206.47,302.12,305.11,305.11,305.11,137.67,72.37,65.03,57.55,52.27,50.28,153.16,156.55,129.96,137.15,159.55,159.55,168.46,168.46,177.86,165.42,152.56,156.9,148.91,160.5,162.62,166.82,167.85,157.98,155.04,162.53,179.96,186.54,196.29,201.49,224.31,249.02,206.14,156.88,220.85,230.99,236.47,250.57,254.92,276.98,290.72,176.93,201.09,201.24,116.29,122.17,66.2,140.56,116.89,138.7,147.98,164.01,164.01,139.71,226.06,197.9,201.61,133.56,79.81,58.44,58.6,62.32,66.14,96.52,98.25,102.86,144.11,168.14,146.77,124.01,98.87,141.03,167.15,153.11,168.14,112.87,139.76,168.46
16,213.53,299.89,196.96,210.83,167.83,262.77,144.8,288.68,181.24,176.33,209.33,119.43,195.32,139.16,124.01,187.7,50.0,177.63,98.0,112.9,147.96,226.15,264.52,307.13,187.98,216.65,231.76,251.6,252.53,262.49,260.32,277.07,283.95,204.87,230.18,238.17,246.64,257.87,228.5,212.63,208.92,207.64,203.61,213.37,200.51,203.92,183.49,184.1,183.54,188.95,187.59,214.53,190.92,176.26,171.57,191.28,202.06,235.58,231.53,245.98,251.46,260.93,259.29,135.43,131.8,145.97,145.97,145.97,143.03,150.07,166.22,143.4,143.4,176.9,182.56,182.56,182.56,218.26,203.11,190.79,203.11,232.89,227.86,258.21,282.0,154.06,152.01,165.13,160.15,177.39,164.64,167.46,173.14,178.54,180.22,192.87,180.64,169.89,173.74,177.75,177.99,190.81,190.81,121.34,118.32,113.49,108.94,161.76,156.45,148.71,151.93,165.25,164.17,168.58,181.08,95.2,101.45,125.8,133.46,142.24,222.25,161.61,171.06,174.88,182.7,117.09,115.08,102.88,98.89,96.41,78.2,78.2,59.09,59.09,54.18,125.72,114.46,112.6,95.24,90.3,82.94,162.45,172.18,139.44,123.61,122.97,108.37,169.48,194.08,285.57,294.18,294.18,294.18,171.87,199.61,198.69,190.97,191.67,189.58,211.48,218.29,183.55,179.2,176.15,176.15,143.4,143.4,135.15,133.88,127.66,114.86,101.47,84.97,77.6,70.76,73.07,91.32,216.91,224.39,241.83,248.4,258.15,256.69,233.48,261.53,268.0,218.74,282.72,292.86,296.04,306.77,295.82,308.88,299.78,122.76,132.33,159.02,179.66,184.03,191.93,205.54,177.2,171.57,213.1,213.39,213.39,167.5,234.37,208.41,182.56,147.65,158.7,171.19,185.36,166.69,162.56,162.88,121.46,130.1,96.41,59.09,102.05,136.66,157.05,167.95,167.99,87.78,59.09,170.82,141.6,143.4
17,177.8,270.33,144.37,179.03,160.64,303.33,147.61,332.58,129.37,145.64,262.44,131.17,251.77,194.69,113.08,134.69,177.63,130.07,164.27,159.73,129.77,260.21,291.09,333.24,188.19,189.62,206.11,220.08,241.73,228.31,220.64,239.21,251.49,167.8,188.98,198.57,205.59,212.4,179.97,163.59,156.64,154.89,150.5,161.04,144.8,142.77,123.6,123.96,122.57,133.79,140.8,189.54,196.17,186.07,181.38,201.1,211.88,244.68,241.35,255.79,261.47,275.37,288.44,141.8,150.06,159.18,159.18,159.18,170.82,177.45,204.32,198.31,198.31,225.42,235.66,235.66,235.66,271.37,254.26,241.95,254.26,258.64,279.02,308.24,332.03,155.59,144.66,142.06,136.3,145.42,126.17,123.2,121.56,126.75,126.0,134.96,120.07,110.07,115.22,118.08,136.51,243.92,243.92,143.65,151.99,152.57,155.81,217.29,211.97,204.24,207.46,220.78,221.12,225.53,236.6,162.27,184.05,131.39,113.1,106.55,172.73,112.63,119.01,122.58,130.09,110.4,101.29,117.79,135.34,132.75,145.97,145.97,157.7,157.7,166.1,97.06,105.33,112.51,126.15,143.55,152.73,105.71,123.05,105.25,125.82,126.42,156.1,146.26,218.06,314.13,317.12,317.12,317.12,150.03,156.1,152.85,142.66,139.83,137.27,182.62,186.86,157.29,160.48,199.12,199.12,198.31,198.31,190.67,183.88,170.67,169.77,150.73,161.08,162.63,155.66,156.71,146.43,185.36,192.85,210.28,216.86,226.61,231.81,244.23,275.35,236.45,187.2,251.17,261.31,266.79,280.89,285.24,307.22,313.97,165.14,186.83,198.03,146.83,152.49,131.42,173.74,167.38,181.38,217.54,223.2,223.2,181.05,284.31,256.46,235.66,168.35,128.47,122.08,126.15,113.43,109.78,114.07,112.02,126.66,132.75,157.7,131.79,114.78,106.07,182.77,206.09,145.67,157.7,133.46,166.93,198.31
18,218.17,302.75,162.19,178.48,175.75,290.02,152.73,315.93,146.51,144.23,236.58,127.56,223.49,166.41,131.85,177.1,98.0,164.27,55.3,60.07,114.93,164.45,202.83,245.44,139.67,224.37,239.02,259.52,260.45,269.47,261.92,280.46,287.15,207.53,230.11,239.09,246.91,254.42,222.07,205.52,198.88,197.53,193.24,203.17,187.06,182.25,161.82,162.19,158.3,154.32,154.86,220.49,198.84,184.18,179.49,199.21,209.99,243.51,239.46,253.9,259.58,273.48,283.06,143.35,143.83,153.89,153.89,153.89,163.45,171.75,193.02,170.21,170.21,204.14,209.81,209.81,209.81,245.51,230.36,218.04,230.36,256.75,255.11,285.46,309.25,161.98,159.89,172.32,166.32,182.6,164.4,162.21,163.11,168.49,168.44,176.57,159.16,149.03,150.35,145.05,145.83,218.06,218.06,135.91,137.88,134.9,126.33,189.01,183.7,175.96,179.18,192.5,192.85,197.26,208.33,128.49,133.71,133.72,137.4,140.15,211.02,151.36,160.97,164.76,172.61,121.93,113.44,110.8,106.75,104.2,91.92,91.92,74.11,74.11,93.32,111.07,99.09,95.66,74.14,58.31,56.07,131.46,137.77,108.59,93.41,83.18,57.96,137.34,133.02,223.88,232.49,232.49,232.49,139.53,196.95,194.31,184.07,181.67,179.52,172.53,182.58,151.15,143.38,193.85,193.85,170.21,170.21,162.4,160.91,150.79,141.66,119.8,112.94,104.33,66.15,67.52,56.24,168.92,183.23,193.46,199.03,201.54,195.0,171.78,199.84,216.0,177.58,230.72,240.86,237.99,245.08,234.13,247.19,238.08,70.41,71.38,98.98,147.55,151.87,170.27,173.19,185.12,179.49,221.02,221.31,221.31,177.21,261.62,235.66,209.81,163.06,163.08,162.61,166.9,155.01,150.65,152.69,128.94,137.94,104.2,74.11,82.25,107.94,124.73,178.42,194.79,101.49,74.11,138.78,159.03,170.21
19,218.86,303.85,141.01,153.41,183.7,299.98,160.68,325.89,125.45,119.09,246.54,135.51,233.46,176.36,139.81,172.92,112.9,159.73,60.07,50.0,92.21,153.54,191.64,234.52,120.37,228.85,242.73,260.83,267.32,269.07,261.15,279.82,288.34,209.36,229.43,239.06,246.02,251.76,219.14,202.63,195.87,193.85,188.66,197.46,178.18,169.0,148.56,148.28,142.68,133.42,130.75,226.64,206.8,192.14,187.44,207.16,217.94,251.46,247.41,261.86,267.53,281.44,292.52,151.3,151.99,161.84,161.84,161.84,172.4,180.11,202.98,180.16,180.16,214.1,219.76,219.76,219.76,255.47,240.32,228.0,240.32,264.7,265.07,295.42,319.21,169.94,167.84,179.19,172.94,186.94,167.49,164.91,160.59,165.55,161.94,165.25,145.94,135.81,136.63,128.58,120.96,228.02,228.02,144.55,147.83,144.85,136.29,198.97,193.66,185.92,189.14,202.46,202.81,207.22,218.29,139.19,145.97,141.67,144.88,145.29,211.05,149.67,157.99,161.84,169.33,129.67,120.76,118.76,114.7,112.15,101.88,101.88,86.39,86.39,107.88,112.03,104.52,97.83,81.11,63.35,62.89,117.52,116.41,95.71,79.45,69.53,50.2,112.11,118.71,212.96,221.24,221.24,221.24,113.89,196.8,192.48,182.12,179.0,176.41,151.52,160.87,126.14,120.28,201.8,201.8,180.16,180.16,172.36,170.86,160.75,151.62,129.89,124.73,115.04,78.03,79.06,58.51,149.94,164.24,174.48,180.05,182.56,180.24,157.03,186.8,197.01,158.6,211.73,221.87,220.39,230.31,221.12,234.18,225.07,54.09,62.39,83.4,122.41,126.61,157.02,148.12,193.07,187.44,228.97,229.26,229.26,185.16,271.58,245.62,219.76,171.01,168.95,163.64,155.12,149.77,146.62,151.97,136.74,145.89,112.15,86.39,83.13,89.75,111.04,186.37,204.75,111.46,86.39,113.8,167.78,180.16
20,182.69,273.52,88.2,103.58,172.02,302.25,151.53,330.57,74.24,69.07,253.83,129.58,240.74,183.65,124.84,131.93,147.96,129.77,114.93,92.21,50.85,186.83,218.98,261.11,115.9,193.97,211.48,224.1,245.35,232.33,224.41,243.07,255.18,174.05,192.7,202.31,209.28,214.6,181.38,165.28,156.7,151.93,146.24,155.4,135.74,126.28,103.19,101.08,92.02,82.22,78.95,198.34,199.04,186.44,181.75,201.47,212.25,245.6,241.72,256.16,261.84,275.74,288.81,143.92,147.29,156.93,156.93,156.93,167.79,175.2,202.07,187.45,187.45,221.34,227.05,227.05,227.05,262.76,247.6,235.29,247.6,259.01,272.36,302.71,326.49,160.76,153.96,155.86,150.19,157.55,137.57,131.66,123.85,128.66,119.87,122.83,104.07,93.99,92.48,78.92,69.48,235.31,235.31,140.33,148.46,149.14,143.58,206.26,200.94,193.2,196.43,209.75,210.1,214.5,225.57,147.95,163.92,133.37,125.52,119.07,180.68,117.82,120.05,122.93,128.03,115.29,105.32,112.35,106.28,99.14,119.04,119.04,126.6,126.6,136.48,88.65,86.67,83.99,89.36,107.52,113.33,77.8,65.8,67.22,66.35,70.71,96.08,62.51,142.25,242.0,244.98,244.98,244.98,64.53,160.59,155.74,145.36,141.62,137.06,107.1,111.08,76.38,76.95,196.88,196.88,187.45,187.45,179.64,176.85,163.72,158.91,138.11,144.48,141.62,119.75,120.78,106.2,109.66,117.14,134.58,141.16,150.9,156.1,170.57,200.49,160.75,111.5,175.47,185.61,191.09,205.19,209.54,231.12,240.41,94.69,122.61,117.31,72.32,76.78,113.66,98.29,177.86,181.75,221.13,223.57,223.57,179.99,278.87,252.9,227.05,166.1,142.52,127.53,112.7,112.43,110.35,122.5,120.61,132.62,99.14,126.6,88.78,59.33,74.99,181.45,203.84,118.74,126.6,62.93,164.15,187.45
21,303.31,394.62,196.71,170.02,297.41,414.9,276.06,440.81,189.47,175.24,361.46,250.89,348.37,291.28,253.9,248.37,226.15,260.21,164.45,153.54,186.83,50.28,68.43,111.04,119.88,314.59,332.1,344.71,366.6,352.95,345.03,363.56,376.02,294.67,313.31,322.73,329.9,332.13,298.61,283.77,273.74,268.37,262.64,272.06,252.12,242.53,218.87,216.76,207.38,197.32,191.28,319.12,320.73,307.52,302.82,322.54,333.32,366.84,362.79,377.24,382.91,396.82,407.55,266.68,267.37,277.23,277.23,277.23,287.78,295.49,317.9,295.08,295.08,329.02,334.68,334.68,334.68,370.39,355.23,342.92,355.23,380.08,379.99,410.34,434.12,285.32,281.22,281.0,275.26,278.16,258.51,252.28,244.41,248.56,236.27,239.23,220.47,210.58,209.82,194.89,183.42,342.94,342.94,259.82,262.75,259.77,251.2,313.89,308.57,300.84,304.06,317.38,317.73,322.13,333.2,254.1,260.06,257.05,254.0,246.17,306.31,239.15,238.7,239.83,244.47,245.05,236.14,234.14,230.08,227.53,216.8,216.8,199.65,199.65,221.14,224.76,220.98,214.77,196.84,178.73,176.56,197.37,181.35,202.37,195.32,189.55,158.94,171.43,86.9,89.48,98.09,98.09,98.09,188.75,281.21,276.3,265.45,260.2,254.28,151.9,162.7,163.59,154.14,317.18,317.18,295.08,295.08,287.27,285.78,275.67,266.54,244.81,239.09,229.94,191.28,192.31,173.89,140.58,133.55,141.09,142.76,118.11,94.13,97.36,82.96,151.81,139.21,148.19,148.37,129.66,124.64,105.17,116.85,103.83,148.09,125.48,114.47,177.31,172.83,229.59,164.73,301.95,302.82,343.15,344.64,344.64,300.54,386.5,360.53,334.68,286.39,265.35,248.15,229.1,231.93,230.36,246.0,251.69,261.27,227.53,199.65,198.3,197.55,198.42,301.75,319.67,226.37,199.65,178.35,283.0,295.08
22,334.05,425.88,226.42,197.93,330.33,453.28,314.38,479.18,220.2,205.96,399.84,289.21,386.74,329.66,286.59,279.11,264.52,291.09,202.83,191.64,218.98,68.43,50.0,75.98,150.66,345.32,362.83,375.44,398.34,383.68,375.76,394.29,406.75,325.41,344.04,353.47,360.63,362.87,329.34,314.5,304.47,299.1,293.37,302.79,282.85,273.26,249.6,247.49,238.11,228.04,221.81,349.85,356.33,345.84,341.15,360.86,371.64,404.0,401.11,415.56,421.23,435.14,445.91,305.0,305.7,315.55,315.55,315.55,326.1,333.82,356.28,333.46,333.46,367.4,373.06,373.06,373.06,408.76,393.6,381.29,393.6,418.4,418.36,448.72,472.5,323.15,315.47,311.75,306.0,308.9,289.24,283.01,275.14,279.29,267.01,269.96,251.2,241.31,240.55,225.62,214.15,381.32,381.32,298.15,301.13,298.15,289.59,352.26,346.95,339.21,342.44,355.76,356.1,360.51,371.58,292.48,298.44,295.38,285.21,276.9,337.04,269.88,269.43,270.56,275.2,281.68,271.9,272.46,268.4,265.86,255.18,255.18,238.02,238.02,259.52,256.5,256.64,251.28,234.14,217.05,214.94,228.11,212.08,233.1,229.51,226.79,197.32,202.16,119.64,55.87,61.45,61.45,61.45,219.48,311.94,307.03,296.19,290.93,285.01,180.12,190.64,193.97,184.87,355.5,355.5,333.46,333.46,325.64,324.15,314.04,304.91,283.18,277.46,268.32,229.66,230.68,212.24,168.5,161.46,155.72,149.92,135.07,121.98,125.31,85.8,137.33,167.12,128.23,125.76,108.76,98.56,76.2,87.47,73.83,185.32,163.86,150.58,208.04,203.22,260.32,192.64,334.58,341.15,378.02,382.96,382.96,338.87,424.88,398.9,373.06,324.72,296.08,278.89,259.83,262.67,261.09,276.73,285.91,298.46,265.86,238.02,233.74,229.44,229.15,340.08,358.04,264.74,238.02,209.08,321.34,333.46
23,376.17,468.0,268.54,240.06,372.71,495.88,357.04,521.79,262.32,248.09,442.44,331.87,429.36,372.27,328.71,321.23,307.13,333.24,245.44,234.52,261.11,111.04,75.98,50.0,192.79,387.45,404.95,417.57,440.71,425.81,417.89,436.42,448.88,367.53,386.17,395.59,402.76,404.99,371.47,356.62,346.6,341.22,335.49,344.92,324.98,315.38,291.72,289.62,280.23,270.17,263.94,391.98,398.78,388.5,383.81,403.52,414.3,447.46,443.77,458.22,463.9,477.8,488.53,347.66,348.36,358.21,358.21,358.21,368.77,376.47,398.88,376.07,376.07,410.01,415.67,415.67,415.67,451.37,436.22,423.9,436.22,461.07,460.97,491.32,515.11,366.3,358.52,353.88,348.12,351.02,331.37,325.13,317.26,321.42,309.13,312.09,293.33,283.43,282.68,267.75,256.27,423.92,423.92,340.8,343.73,340.76,332.19,394.87,389.56,381.82,385.04,398.36,398.71,403.12,414.19,335.08,341.04,338.04,327.34,319.02,379.17,312.01,311.55,312.69,317.33,325.18,315.94,315.12,311.06,308.51,297.78,297.78,280.63,280.63,302.12,298.65,300.57,294.84,277.45,259.71,257.55,270.23,254.2,275.23,272.35,269.93,239.92,244.28,161.89,55.97,50.0,50.0,50.0,261.61,354.07,349.16,338.31,333.05,327.13,222.25,232.77,236.1,227.0,398.17,398.17,376.07,376.07,368.26,366.76,356.65,347.52,325.79,320.07,310.92,272.26,273.29,254.87,210.62,203.59,198.64,192.85,178.0,164.11,167.44,128.77,180.25,209.24,171.16,168.69,151.69,141.49,119.13,121.03,116.67,228.12,206.46,193.65,250.17,245.34,302.45,234.77,376.84,383.81,420.39,425.62,425.62,381.53,467.48,441.52,415.67,367.38,338.21,321.01,301.96,304.79,303.21,318.86,328.79,342.26,308.51,280.63,277.45,271.56,271.28,382.74,400.65,307.35,280.63,251.21,363.99,376.07
24,230.97,322.8,127.91,113.26,227.51,363.01,218.42,390.27,117.13,104.42,311.98,193.39,298.89,241.81,183.51,176.03,187.98,188.19,139.67,120.37,115.9,119.88,150.66,192.79,66.98,242.25,259.75,272.37,295.51,280.61,272.69,291.21,303.68,222.33,240.97,250.39,257.56,259.79,226.27,211.42,201.4,196.02,190.29,199.72,179.78,170.18,146.52,144.42,135.03,125.04,120.11,246.81,257.61,250.02,245.33,265.05,275.83,305.62,305.3,319.74,325.42,339.32,351.84,209.18,209.88,219.73,219.73,219.73,230.29,238.0,263.68,245.6,245.6,279.54,285.2,285.2,285.2,320.91,305.75,293.44,305.75,322.59,330.51,360.86,384.65,224.05,213.97,208.68,202.92,205.82,186.17,179.93,172.06,176.22,163.93,166.88,148.13,138.23,137.48,122.55,111.58,293.46,293.46,202.73,209.32,208.81,201.73,264.41,259.1,251.36,254.58,267.9,268.24,272.66,283.72,205.6,213.31,199.08,182.14,173.82,234.21,166.81,166.35,167.49,172.12,181.38,170.73,176.64,172.1,169.06,167.41,167.41,161.0,161.0,177.12,153.45,155.37,151.99,137.39,130.14,140.68,125.03,109.01,130.03,127.16,128.26,128.6,100.47,82.4,173.68,176.67,176.67,176.67,116.41,208.87,203.96,193.11,187.85,181.93,94.65,106.29,93.5,83.36,259.69,259.69,245.6,245.6,237.8,235.7,223.57,217.06,195.62,192.02,182.24,152.63,153.66,131.55,87.45,101.75,111.99,117.56,120.07,121.11,101.0,136.46,134.52,96.11,149.24,159.38,158.78,169.38,167.14,181.83,174.76,114.65,117.47,93.92,106.54,102.65,157.25,107.97,233.32,245.33,277.41,287.15,287.15,243.05,337.02,311.06,285.2,228.9,193.01,175.81,156.76,159.59,158.01,173.71,183.59,198.71,169.06,161.0,133.5,126.36,126.08,244.26,265.45,176.89,161.0,106.01,226.44,245.6
